-100.0	0.0	nan 
-99.0	0.0	nan 
-98.0	0.0	nan 
-97.0	0.0	nan 
-96.0	0.0	nan 
-95.0	0.0	nan 
-94.0	0.0	nan 
-93.0	0.0	nan 
-92.0	0.0	nan 
-91.0	0.0	nan 
-90.0	0.0	nan 
-89.0	0.0	nan 
-88.0	0.0	nan 
-87.0	0.0	nan 
-86.0	0.0	nan 
-85.0	0.0	nan 
-84.0	0.0	nan 
-83.0	0.0	nan 
-82.0	0.0	nan 
-81.0	0.0	nan 
-80.0	0.0	nan 
-79.0	0.0	nan 
-78.0	0.0	nan 
-77.0	0.0	nan 
-76.0	0.0	nan 
-75.0	0.0	nan 
-74.0	0.0	nan 
-73.0	0.0	nan 
-72.0	0.0	nan 
-71.0	0.0	nan 
-70.0	0.0	nan 
-69.0	0.0	nan 
-68.0	0.0	nan 
-67.0	0.0	nan 
-66.0	0.0	nan 
-65.0	0.0	nan 
-64.0	0.0	nan 
-63.0	0.0	nan 
-62.0	0.0	nan 
-61.0	0.0	nan 
-60.0	0.0	nan 
-59.0	0.0	nan 
-58.0	0.0	nan 
-57.0	0.0	nan 
-56.0	0.0	nan 
-55.0	0.0	nan 
-54.0	0.0	nan 
-53.0	0.0	nan 
-52.0	0.0	nan 
-51.0	0.0	nan 
-50.0	0.0	nan 
-49.0	0.0	nan 
-48.0	0.0	nan 
-47.0	0.0	nan 
-46.0	0.0	nan 
-45.0	0.0	nan 
-44.0	0.0	nan 
-43.0	0.0	nan 
-42.0	0.0	nan 
-41.0	0.0	nan 
-40.0	0.0	nan 
-39.0	0.0	nan 
-38.0	0.0	nan 
-37.0	0.0	nan 
-36.0	0.0	nan 
-35.0	0.0	nan 
-34.0	0.0	nan 
-33.0	0.0	nan 
-32.0	0.0	nan 
-31.0	0.0	nan 
-30.0	0.0	nan 
-29.0	0.0	nan 
-28.0	0.0	nan 
-27.0	0.0	nan 
-26.0	0.0	nan 
-25.0	0.0	nan 
-24.0	0.0	nan 
-23.0	0.0	nan 
-22.0	0.0	nan 
-21.0	0.0	nan 
-20.0	0.0	nan 
-19.0	0.0	nan 
-18.0	0.0	nan 
-17.0	0.0	nan 
-16.0	0.0	nan 
-15.0	0.0	nan 
-14.0	0.0	nan 
-13.0	0.0	nan 
-12.0	0.0	nan 
-11.0	0.0	nan 
-10.0	0.0	nan 
-9.0	0.0	nan 
-8.0	0.0	nan 
-7.0	0.0	nan 
-6.0	0.0	nan 
-5.0	0.0	nan 
-4.0	0.0	nan 
-3.0	0.0	nan 
-2.0	0.0	nan 
-1.0	0.0	nan 
0.0	0.0	nan 
1.0	0.0	nan 
2.0	0.0	nan 
3.0	0.0	nan 
4.0	0.0	nan 
5.0	0.0	nan 
6.0	0.0	nan 
7.0	0.0	nan 
8.0	0.0	nan 
9.0	0.0	nan 
10.0	0.0	nan 
11.0	0.0	nan 
12.0	0.0	nan 
13.0	0.0	nan 
14.0	0.0	nan 
15.0	0.0	nan 
16.0	0.0	nan 
17.0	0.0	nan 
18.0	0.0	nan 
19.0	0.0	nan 
20.0	0.0	nan 
21.0	0.0	nan 
22.0	0.0	nan 
23.0	0.0	nan 
24.0	0.0	nan 
25.0	0.0	nan 
26.0	0.0	nan 
27.0	0.0	nan 
28.0	0.0	nan 
29.0	0.0	nan 
30.0	0.0	nan 
31.0	0.0	nan 
32.0	0.0	nan 
33.0	0.0	nan 
34.0	0.0	nan 
35.0	0.0	nan 
36.0	0.0	nan 
37.0	0.0	nan 
38.0	0.0	nan 
39.0	0.0	nan 
40.0	0.0	nan 
41.0	0.0	nan 
42.0	0.0	nan 
43.0	0.0	nan 
44.0	0.0	nan 
45.0	0.0	nan 
46.0	0.0	nan 
47.0	0.0	nan 
48.0	0.0	nan 
49.0	0.0	nan 
50.0	0.0	nan 
51.0	0.0	nan 
52.0	0.0	nan 
53.0	0.0	nan 
54.0	0.0	nan 
55.0	0.0	nan 
56.0	0.0	nan 
57.0	0.0	nan 
58.0	0.0	nan 
59.0	0.0	nan 
60.0	0.0	nan 
61.0	0.0	nan 
62.0	0.0	nan 
63.0	0.0	nan 
64.0	0.0	nan 
65.0	0.0	nan 
66.0	0.0	nan 
67.0	0.0	nan 
68.0	0.0	nan 
69.0	0.0	nan 
70.0	0.0	nan 
71.0	0.0	nan 
72.0	0.0	nan 
73.0	0.0	nan 
74.0	0.0	nan 
75.0	0.0	nan 
76.0	0.0	nan 
77.0	0.0	nan 
78.0	0.0	nan 
79.0	0.0	nan 
80.0	0.0	nan 
81.0	0.0	nan 
82.0	0.0	nan 
83.0	0.0	nan 
84.0	0.0	nan 
85.0	0.0	nan 
86.0	0.0	nan 
87.0	0.0	nan 
88.0	0.0	nan 
89.0	0.0	nan 
90.0	0.0	nan 
91.0	0.0	nan 
92.0	0.0	nan 
93.0	0.0	nan 
94.0	0.0	nan 
95.0	0.0	nan 
96.0	0.0	nan 
97.0	0.0	nan 
98.0	0.0	nan 
99.0	0.0	nan 
100.0	0.0	nan 
101.0	0.0	nan 
102.0	0.0	nan 
103.0	0.0	nan 
104.0	0.0	nan 
105.0	0.0	nan 
106.0	0.0	nan 
107.0	0.0	nan 
108.0	0.0	nan 
109.0	0.0	nan 
110.0	0.0	nan 
111.0	0.0	nan 
112.0	0.0	nan 
113.0	0.0	nan 
114.0	0.0	nan 
115.0	0.0	nan 
116.0	0.0	nan 
117.0	0.0	nan 
118.0	0.0	nan 
119.0	0.0	nan 
120.0	0.0	nan 
121.0	0.0	nan 
122.0	0.0	nan 
123.0	0.0	nan 
124.0	0.0	nan 
125.0	0.0	nan 
126.0	0.0	nan 
127.0	0.0	nan 
128.0	0.0	nan 
129.0	0.0	nan 
130.0	0.0	nan 
131.0	0.0	nan 
132.0	0.0	nan 
133.0	0.0	nan 
134.0	0.0	nan 
135.0	0.0	nan 
136.0	0.0	nan 
137.0	0.0	nan 
138.0	0.0	nan 
139.0	0.0	nan 
140.0	0.0	nan 
141.0	0.0	nan 
142.0	0.0	nan 
143.0	0.0	nan 
144.0	0.0	nan 
145.0	0.0	nan 
146.0	0.0	nan 
147.0	0.0	nan 
148.0	0.0	nan 
149.0	0.0	nan 
150.0	0.0	nan 
151.0	0.0	nan 
152.0	0.0	nan 
153.0	0.0	nan 
154.0	0.0	nan 
155.0	0.0	nan 
156.0	0.0	nan 
157.0	0.0	nan 
158.0	0.0	nan 
159.0	0.0	nan 
160.0	0.0	nan 
161.0	0.0	nan 
162.0	0.0	nan 
163.0	0.0	nan 
164.0	0.0	nan 
165.0	0.0	nan 
166.0	0.0	nan 
167.0	0.0	nan 
168.0	0.0	nan 
169.0	0.0	nan 
170.0	0.0	nan 
171.0	0.0	nan 
172.0	0.0	nan 
173.0	0.0	nan 
174.0	0.0	nan 
175.0	0.0	nan 
176.0	0.0	nan 
177.0	0.0	nan 
178.0	0.0	nan 
179.0	0.0	nan 
180.0	0.0	nan 
181.0	0.0	nan 
182.0	0.0	nan 
183.0	0.0	nan 
184.0	0.0	nan 
185.0	0.0	nan 
186.0	0.0	nan 
187.0	0.0	nan 
188.0	0.0	nan 
189.0	0.0	nan 
190.0	0.0	nan 
191.0	0.0	nan 
192.0	0.0	nan 
193.0	0.0	nan 
194.0	0.0	nan 
195.0	0.0	nan 
196.0	0.0	nan 
197.0	0.0	nan 
198.0	0.0	nan 
199.0	0.0	nan 
200.0	0.0	nan 
201.0	0.0	nan 
202.0	0.0	nan 
203.0	0.0	nan 
204.0	0.0	nan 
205.0	0.0	nan 
206.0	0.0	nan 
207.0	0.0	nan 
208.0	0.0	nan 
209.0	0.0	nan 
210.0	0.0	nan 
211.0	0.0	nan 
212.0	0.0	nan 
213.0	0.0	nan 
214.0	0.0	nan 
215.0	0.0	nan 
216.0	0.0	nan 
217.0	0.0	nan 
218.0	0.0	nan 
219.0	0.0	nan 
220.0	0.0	nan 
221.0	0.0	nan 
222.0	0.0	nan 
223.0	0.0	nan 
224.0	0.0	nan 
225.0	0.0	nan 
226.0	0.0	nan 
227.0	0.0	nan 
228.0	0.0	nan 
229.0	0.0	nan 
230.0	0.0	nan 
231.0	0.0	nan 
232.0	0.0	nan 
233.0	0.0	nan 
234.0	0.0	nan 
235.0	0.0	nan 
236.0	0.0	nan 
237.0	0.0	nan 
238.0	0.0	nan 
239.0	0.0	nan 
240.0	0.0	nan 
241.0	0.0	nan 
242.0	0.0	nan 
243.0	0.0	nan 
244.0	0.0	nan 
245.0	0.0	nan 
246.0	0.0	nan 
247.0	0.0	nan 
248.0	0.0	nan 
249.0	0.0	nan 
250.0	0.0	nan 
251.0	0.0	nan 
252.0	0.0	nan 
253.0	0.0	nan 
254.0	0.0	nan 
255.0	0.0	nan 
256.0	0.0	nan 
257.0	0.0	nan 
258.0	0.0	nan 
259.0	0.0	nan 
260.0	0.0	nan 
261.0	0.0	nan 
262.0	0.0	nan 
263.0	0.0	nan 
264.0	0.0	nan 
265.0	0.0	nan 
266.0	0.0	nan 
267.0	0.0	nan 
268.0	0.0	nan 
269.0	0.0	nan 
270.0	0.0	nan 
271.0	0.0	nan 
272.0	0.0	nan 
273.0	0.0	nan 
274.0	0.0	nan 
275.0	0.0	nan 
276.0	0.0	nan 
277.0	0.0	nan 
278.0	0.0	nan 
279.0	0.0	nan 
280.0	0.0	nan 
281.0	0.0	nan 
282.0	0.0	nan 
283.0	0.0	nan 
284.0	0.0	nan 
285.0	0.0	nan 
286.0	0.0	nan 
287.0	0.0	nan 
288.0	0.0	nan 
289.0	0.0	nan 
290.0	0.0	nan 
291.0	0.0	nan 
292.0	0.0	nan 
293.0	0.0	nan 
294.0	0.0	nan 
295.0	0.0	nan 
296.0	0.0	nan 
297.0	0.0	nan 
298.0	0.0	nan 
299.0	0.0	nan 
300.0	0.0	nan 
301.0	0.0	nan 
302.0	0.0	nan 
303.0	0.0	nan 
304.0	0.0	nan 
305.0	0.0	nan 
306.0	0.0	nan 
307.0	0.0	nan 
308.0	0.0	nan 
309.0	0.0	nan 
310.0	0.0	nan 
311.0	0.0	nan 
312.0	0.0	nan 
313.0	0.0	nan 
314.0	0.0	nan 
315.0	0.0	nan 
316.0	0.0	nan 
317.0	0.0	nan 
318.0	0.0	nan 
319.0	0.0	nan 
320.0	0.0	nan 
321.0	0.0	nan 
322.0	0.0	nan 
323.0	0.0	nan 
324.0	0.0	nan 
325.0	0.0	nan 
326.0	0.0	nan 
327.0	0.0	nan 
328.0	0.0	nan 
329.0	0.0	nan 
330.0	0.0	nan 
331.0	0.0	nan 
332.0	0.0	nan 
333.0	0.0	nan 
334.0	0.0	nan 
335.0	0.0	nan 
336.0	0.0	nan 
337.0	0.0	nan 
338.0	0.0	nan 
339.0	0.0	nan 
340.0	0.0	nan 
341.0	0.0	nan 
342.0	0.0	nan 
343.0	0.0	nan 
344.0	0.0	nan 
345.0	0.0	nan 
346.0	0.0	nan 
347.0	0.0	nan 
348.0	0.0	nan 
349.0	0.0	nan 
350.0	0.0	nan 
351.0	0.0	nan 
352.0	0.0	nan 
353.0	0.0	nan 
354.0	0.0	nan 
355.0	0.0	nan 
356.0	0.0	nan 
357.0	0.0	nan 
358.0	0.0	nan 
359.0	0.0	nan 
360.0	0.0	nan 
361.0	0.0	nan 
362.0	2.47939962195e+49	11.0242972322 
363.0	2.01486734645e+49	13.0912904902 
364.0	1.03913885763e+49	12.6811499423 
365.0	6.27212442809e+48	14.8289989229 
366.0	6.02575119017e+48	14.9764448527 
367.0	2.40650862306e+49	11.6914384115 
368.0	1.81016783647e+49	12.7962185524 
369.0	1.17187173106e+49	13.020827394 
370.0	8.31563594625e+48	13.4596435644 
371.0	6.17541246245e+48	13.8043793717 
372.0	5.32431349892e+48	13.998254761 
373.0	1.63876733719e+49	13.8839025607 
374.0	1.67074197644e+49	15.2941910411 
375.0	1.77714554193e+49	16.9358506004 
376.0	2.45242442328e+49	17.0970377908 
377.0	3.71685955531e+49	16.1885043321 
378.0	4.46419206783e+49	17.1325811672 
379.0	4.18691335102e+49	17.4270236751 
380.0	3.85546174225e+49	17.7702941673 
381.0	3.24525990272e+49	18.2805993138 
382.0	2.77698981723e+49	18.8985183366 
383.0	2.50742674428e+49	18.9968631577 
384.0	2.33394592454e+49	18.9533804532 
385.0	2.38526547128e+49	18.8942350432 
386.0	2.53085895328e+49	18.7941046835 
387.0	2.39762375458e+49	18.3452992281 
388.0	2.30240146739e+49	18.4827328918 
389.0	1.99406692721e+49	18.5498420379 
390.0	1.74053423534e+49	17.9659668538 
391.0	1.52439347154e+49	18.3343740376 
392.0	1.56256971655e+49	18.7901893445 
393.0	1.88868387523e+49	18.3182247011 
394.0	2.21224434207e+49	19.0352265611 
395.0	2.63668154715e+49	19.6560923578 
396.0	3.39059946572e+49	19.4960340103 
397.0	4.5222087035e+49	20.0599400974 
398.0	5.25886957018e+49	20.0368781751 
399.0	6.50930249349e+49	20.6136283274 
400.0	7.1156357184e+49	20.0146345247 
401.0	6.67557592422e+49	19.8531625145 
402.0	6.01779286191e+49	19.7103038605 
403.0	5.47015077998e+49	19.6731948217 
404.0	4.74960736929e+49	20.1056293758 
405.0	4.95809504725e+49	20.5756993444 
406.0	5.57859931754e+49	21.2938060815 
407.0	6.2194444602e+49	21.041643038 
408.0	5.99684665042e+49	21.1034124363 
409.0	5.87097460894e+49	20.4731989062 
410.0	5.46102187199e+49	19.9459392187 
411.0	4.69284683197e+49	19.3339312817 
412.0	4.03070553773e+49	18.321531906 
413.0	3.4501568952e+49	17.7999234848 
414.0	3.02444579328e+49	17.3615926681 
415.0	2.70779191421e+49	17.0199306978 
416.0	2.98965203524e+49	17.0705354766 
417.0	3.17866836074e+49	18.7486093023 
418.0	2.94795019003e+49	17.3683851205 
419.0	2.9016468623e+49	18.9083439496 
420.0	2.64082644367e+49	17.9922660097 
421.0	2.40066704383e+49	17.5148625398 
422.0	2.29268175705e+49	17.8979281779 
423.0	2.40331978442e+49	17.8324633726 
424.0	2.56400807815e+49	18.1084398621 
425.0	3.11574312278e+49	19.071049204 
426.0	3.843459175e+49	19.5495901637 
427.0	4.27313383888e+49	19.9826366367 
428.0	4.4563333336e+49	20.0313974061 
429.0	4.02359743335e+49	19.1898867094 
430.0	3.70148966136e+49	18.8074464768 
431.0	3.38428368508e+49	17.8940744628 
432.0	3.14439401847e+49	17.0899085947 
433.0	2.95062645056e+49	16.7690797919 
434.0	2.86146007398e+49	16.9808054446 
435.0	3.08622963659e+49	17.6356958157 
436.0	3.55975174481e+49	18.2898731284 
437.0	4.49255279502e+49	19.5707716252 
438.0	5.43932672584e+49	20.4792224861 
439.0	6.44144886876e+49	20.9146883428 
440.0	7.06663670346e+49	20.7930439013 
441.0	7.63478744751e+49	20.6260123543 
442.0	8.44624386448e+49	20.593000696 
443.0	8.77500516839e+49	20.4436075772 
444.0	8.87783770314e+49	20.1739674606 
445.0	8.71688071872e+49	19.8003372516 
446.0	8.35141787743e+49	19.6326292823 
447.0	7.84366022264e+49	19.3825723352 
448.0	7.19874966992e+49	19.2002391492 
449.0	6.50597697956e+49	19.1924452897 
450.0	6.18250439982e+49	19.7069221019 
451.0	6.3633949152e+49	20.4872609256 
452.0	7.01029992143e+49	20.8321241847 
453.0	7.06972587066e+49	20.7252331786 
454.0	6.84606019932e+49	20.3923389586 
455.0	6.67190552786e+49	20.3300453922 
456.0	6.88977276531e+49	20.1131006352 
457.0	7.0679608115e+49	20.0183836214 
458.0	7.14225131286e+49	20.064703236 
459.0	7.26371119098e+49	20.0745690697 
460.0	7.43653973766e+49	20.2347551325 
461.0	7.6882922662e+49	20.3408103567 
462.0	8.02945741436e+49	20.3787338211 
463.0	8.26275646971e+49	20.3791045983 
464.0	8.47315142037e+49	20.2731720341 
465.0	8.43574712486e+49	20.1119360265 
466.0	8.31231923756e+49	19.8693443676 
467.0	7.91468601213e+49	19.7611705414 
468.0	7.44241075392e+49	19.5027948102 
469.0	6.79218884944e+49	19.4205172172 
470.0	6.37911390058e+49	19.209294756 
471.0	5.8698826625e+49	19.2602705167 
472.0	5.40308723914e+49	19.396934761 
473.0	5.20888371213e+49	19.3848454106 
474.0	4.97341021297e+49	19.7293985761 
475.0	5.14835714597e+49	19.7779417265 
476.0	5.48232589798e+49	19.9557815968 
477.0	6.24795531635e+49	19.7895084286 
478.0	6.53152447946e+49	20.1681726557 
479.0	7.10927373499e+49	20.2045640881 
480.0	7.82273696109e+49	20.1411102924 
481.0	8.54379085949e+49	20.174699896 
482.0	9.33913250609e+49	20.4847622633 
483.0	1.06509140666e+50	20.7929416549 
484.0	1.19036124471e+50	21.0989856203 
485.0	1.29048045529e+50	21.4752022198 
486.0	1.35698761683e+50	22.110584289 
487.0	1.43418479491e+50	22.6019012346 
488.0	1.48366041838e+50	23.1662207291 
489.0	1.48346402441e+50	23.3448979017 
490.0	1.46005347902e+50	22.9558350243 
491.0	1.46132614856e+50	22.741915983 
492.0	1.47155878193e+50	23.1289704056 
493.0	1.57755079784e+50	23.7535694718 
494.0	1.81494398789e+50	24.5951102449 
495.0	2.08792998925e+50	25.7243974626 
496.0	2.70672340653e+50	27.9174767155 
497.0	2.89307706401e+50	28.8928237605 
498.0	2.9491140203e+50	28.8112953009 
499.0	3.09095732282e+50	28.8244069172 
500.0	3.44815793424e+50	29.2825253177 
501.0	3.92965673389e+50	30.1234763187 
502.0	4.87690579466e+50	31.7812589328 
503.0	5.61851566068e+50	32.4052112794 
504.0	5.78519015928e+50	32.161568466 
505.0	5.8951653902e+50	31.655779574 
506.0	6.0524317543e+50	31.4528215008 
507.0	5.97130198636e+50	31.0022082774 
508.0	5.90807213383e+50	30.5176016144 
509.0	5.83784492515e+50	30.0876448688 
510.0	5.69991456889e+50	29.7485261401 
511.0	5.55203885388e+50	29.4909346412 
512.0	5.40900123401e+50	29.2434950873 
513.0	5.33297085665e+50	28.9316174986 
514.0	5.36722171652e+50	28.5391788754 
515.0	5.37179539586e+50	27.9918476419 
516.0	5.46531567041e+50	27.7320839387 
517.0	5.54640974511e+50	27.1216459962 
518.0	5.60680873392e+50	26.6927649237 
519.0	5.42171301163e+50	26.2892224502 
520.0	5.07542603696e+50	25.9399741964 
521.0	4.77249748078e+50	25.8821407559 
522.0	4.59177967482e+50	25.716414685 
523.0	4.34397014472e+50	25.7513456981 
524.0	4.38544278553e+50	25.7429075422 
525.0	4.18737571262e+50	25.8701428384 
526.0	4.03460086985e+50	26.0165383225 
527.0	3.85658369474e+50	25.7608301039 
528.0	3.89306525628e+50	25.7896554121 
529.0	3.71427409365e+50	25.8899551655 
530.0	3.56807688524e+50	25.9644968234 
531.0	3.51844757997e+50	25.7408317093 
532.0	3.45893928036e+50	25.5786209637 
533.0	3.58115297842e+50	25.3837214148 
534.0	3.8593833331e+50	25.344495026 
535.0	3.88811722203e+50	24.9301673256 
536.0	4.65969145363e+50	24.0702110806 
537.0	5.39602634068e+50	23.5337566206 
538.0	6.47947176442e+50	24.4220372739 
539.0	7.17328994083e+50	24.9935286457 
540.0	7.47699756393e+50	25.5182553114 
541.0	8.73372837504e+50	26.4213674947 
542.0	8.88914237972e+50	27.2635731092 
543.0	8.55304824958e+50	27.2935137031 
544.0	8.22871529198e+50	26.6505754913 
545.0	8.51473244418e+50	26.9934877882 
546.0	9.16103211917e+50	27.1640550525 
547.0	9.02410737059e+50	27.1026140092 
548.0	8.79637236114e+50	27.0054715248 
549.0	8.45270187166e+50	26.9084128232 
550.0	8.2229246698e+50	26.9834905568 
551.0	7.62075119456e+50	26.7095088633 
552.0	7.89813218111e+50	26.6018346187 
553.0	8.24847510498e+50	27.2321958038 
554.0	8.41690454521e+50	27.3334371983 
555.0	7.61943578691e+50	26.5946966459 
556.0	6.72220697696e+50	25.6946895974 
557.0	7.89798457519e+50	25.7456178716 
558.0	9.1195048034e+50	26.7123138921 
559.0	8.64422139762e+50	26.9018065715 
560.0	8.68356198802e+50	26.9374400928 
561.0	1.10843439884e+51	27.9901424951 
562.0	1.26813485124e+51	28.8643503199 
563.0	1.38536814421e+51	29.4255455359 
564.0	1.47781088582e+51	29.704708306 
565.0	1.54526236232e+51	29.8326589836 
566.0	1.5608789263e+51	29.6902596722 
567.0	1.54352818167e+51	29.4425413226 
568.0	1.53533105155e+51	29.2474998119 
569.0	1.55674155704e+51	29.2429906576 
570.0	1.53532860741e+51	29.1021678945 
571.0	1.49410982304e+51	28.8093150073 
572.0	1.48395902768e+51	28.7299274275 
573.0	1.47460384799e+51	28.6428946435 
574.0	1.46766434194e+51	28.4762288055 
575.0	1.47563212384e+51	28.4653674944 
576.0	1.44012212043e+51	28.357112713 
577.0	1.30486572981e+51	27.5682551954 
578.0	1.29129711764e+51	26.9940909706 
579.0	1.34631712547e+51	27.2233957621 
580.0	1.29787443999e+51	27.3740617282 
581.0	1.28160381843e+51	27.3187465699 
582.0	1.29771740631e+51	27.4169500664 
583.0	1.34708521159e+51	27.6974582998 
584.0	1.40948477334e+51	27.9590093246 
585.0	1.45263355522e+51	28.0418038405 
586.0	1.49326224047e+51	28.1613876929 
587.0	1.52504239481e+51	28.2349928602 
588.0	1.5527317709e+51	28.258743923 
589.0	1.57919968236e+51	28.2807051349 
590.0	1.60257426546e+51	28.2896347596 
591.0	1.62882799796e+51	28.267880064 
592.0	1.65714263232e+51	28.2439802564 
593.0	1.68581626591e+51	28.2230403333 
594.0	1.71053478956e+51	28.1774914071 
595.0	1.73263809693e+51	28.1443994621 
596.0	1.75055462992e+51	28.1192842606 
597.0	1.76246624661e+51	28.0813704139 
598.0	1.77389352055e+51	28.0286581522 
599.0	1.78376580645e+51	27.9633760692 
600.0	1.78139719515e+51	27.9008423573 
601.0	1.77439020123e+51	27.8336111983 
602.0	1.76920219083e+51	27.7602142403 
603.0	1.76375911276e+51	27.6978068182 
604.0	1.7534159359e+51	27.6539767045 
605.0	1.73845723486e+51	27.6260555253 
606.0	1.72952328179e+51	27.6556517924 
607.0	1.72285411097e+51	27.7256972081 
608.0	1.71947764853e+51	27.8058961989 
609.0	1.72000319222e+51	27.8727105146 
610.0	1.71769168087e+51	27.9122266057 
611.0	1.71019628138e+51	27.9112689675 
612.0	1.69662254542e+51	27.8806459926 
613.0	1.67963204902e+51	27.790178155 
614.0	1.66500475928e+51	27.7072604168 
615.0	1.64946526041e+51	27.5631203379 
616.0	1.6554330186e+51	27.3801632445 
617.0	1.67498715779e+51	27.2380939694 
618.0	1.70473751282e+51	27.1222701181 
619.0	1.74002634708e+51	27.0229751949 
620.0	1.76237161099e+51	26.967039684 
621.0	1.77929719496e+51	26.9085589127 
622.0	1.78156820068e+51	26.8773996717 
623.0	1.77462250604e+51	26.7896292055 
624.0	1.75808678419e+51	26.6816070055 
625.0	1.73744975771e+51	26.553977769 
626.0	1.70762987589e+51	26.4261188282 
627.0	1.6670441637e+51	26.2671437257 
628.0	1.63089733455e+51	26.1332200846 
629.0	1.60254503248e+51	25.9843607314 
630.0	1.58211330732e+51	25.8748326054 
631.0	1.56408801027e+51	25.7290440128 
632.0	1.54041189172e+51	25.5916272022 
633.0	1.51066337083e+51	25.4449724647 
634.0	1.48336332771e+51	25.3341713235 
635.0	1.47685325792e+51	25.289553345 
636.0	1.48111340631e+51	25.3347966654 
637.0	1.4969468255e+51	25.4048523709 
638.0	1.51090748466e+51	25.4973640475 
639.0	1.52714043116e+51	25.5529586576 
640.0	1.5407918226e+51	25.6204670014 
641.0	1.55566069042e+51	25.6659774396 
642.0	1.57063995331e+51	25.742831252 
643.0	1.5898381087e+51	25.8479580637 
644.0	1.60746364739e+51	25.9272657811 
645.0	1.63054276788e+51	25.9889047039 
646.0	1.65251698815e+51	26.0836810006 
647.0	1.65980872652e+51	26.1362130281 
648.0	1.66070670821e+51	26.1220114975 
649.0	1.65322129758e+51	26.1380822116 
650.0	1.63327838737e+51	26.1427849327 
651.0	1.60600384911e+51	26.071350165 
652.0	1.57264379566e+51	26.0003502326 
653.0	1.53824927772e+51	25.8915986494 
654.0	1.50551694047e+51	25.7466873863 
655.0	1.4712785789e+51	25.5877302981 
656.0	1.4412040703e+51	25.4635271437 
657.0	1.41940825231e+51	25.3623103293 
658.0	1.41547074787e+51	25.3504821497 
659.0	1.41735186935e+51	25.3511820681 
660.0	1.42424252389e+51	25.3831055714 
661.0	1.44112643181e+51	25.4350529598 
662.0	1.45453812829e+51	25.4889999567 
663.0	1.44860170193e+51	25.4780556782 
664.0	1.41850196822e+51	25.4098954573 
665.0	1.43010740144e+51	25.3486303845 
666.0	1.47265632743e+51	25.4755779013 
667.0	1.50584922269e+51	25.6074806011 
668.0	1.55794568431e+51	25.8268087716 
669.0	1.60916406099e+51	26.0632490638 
670.0	1.65527958622e+51	26.2626297943 
671.0	1.68517483266e+51	26.3681639581 
672.0	1.70068843193e+51	26.426869296 
673.0	1.70108600788e+51	26.4411400196 
674.0	1.68835289615e+51	26.3972296339 
675.0	1.66404512529e+51	26.3372222081 
676.0	1.64197592109e+51	26.2458720302 
677.0	1.64197592109e+51	26.2458720302 
678.0	1.62830025116e+51	26.1920880427 
679.0	1.61724569421e+51	26.1380161714 
680.0	1.60545510194e+51	26.0565999829 
681.0	1.59149031871e+51	25.9926801285 
682.0	1.56880353066e+51	25.911975512 
683.0	1.54542069922e+51	25.7625034935 
684.0	1.52540268226e+51	25.6425890467 
685.0	1.49727577727e+51	25.4922883338 
686.0	1.4757574041e+51	25.3320380897 
687.0	1.45389020706e+51	25.1970088821 
688.0	1.43670131651e+51	25.0828395732 
689.0	1.41968671963e+51	24.9395428552 
690.0	1.4128020801e+51	24.879455191 
691.0	1.40616155111e+51	24.7892884678 
692.0	1.40987609353e+51	24.7734306585 
693.0	1.4166681845e+51	24.7334286818 
694.0	1.44438499791e+51	24.7980289061 
695.0	1.48989255738e+51	24.9450672753 
696.0	1.54344140668e+51	25.1784169596 
697.0	1.57492902332e+51	25.3157524408 
698.0	1.59298001192e+51	25.3824016329 
699.0	1.60374125597e+51	25.4533989446 
700.0	1.60267334578e+51	25.4527859206 
701.0	1.60212612927e+51	25.5067488132 
702.0	1.5995120364e+51	25.5198809247 
703.0	1.59951154165e+51	25.5269277015 
704.0	1.59490417233e+51	25.5201245444 
705.0	1.58632065008e+51	25.4577799078 
706.0	1.58241264965e+51	25.416620812 
707.0	1.57845036891e+51	25.3633827587 
708.0	1.57773681492e+51	25.3081860549 
709.0	1.58129228945e+51	25.303088511 
710.0	1.58644272979e+51	25.2705430162 
711.0	1.59857625719e+51	25.2677404619 
712.0	1.60626630359e+51	25.2585907473 
713.0	1.60913011619e+51	25.2000398539 
714.0	1.60986286445e+51	25.1829012179 
715.0	1.60781156375e+51	25.1025890796 
716.0	1.60761347911e+51	25.0410502529 
717.0	1.60832151261e+51	25.0046971429 
718.0	1.60554539462e+51	24.9132419198 
719.0	1.60857958891e+51	24.8765045334 
720.0	1.59945888992e+51	24.8186522054 
721.0	1.59303178916e+51	24.7626868316 
722.0	1.58782037806e+51	24.7166234429 
723.0	1.57595714018e+51	24.6253577117 
724.0	1.55850056258e+51	24.5769017528 
725.0	1.53231099313e+51	24.4833687199 
726.0	1.49843987143e+51	24.3850224779 
727.0	1.47090353344e+51	24.3578208828 
728.0	1.44024047945e+51	24.2739768896 
729.0	1.4189291508e+51	24.1734440926 
730.0	1.40631694087e+51	24.1221973176 
731.0	1.3959285154e+51	23.9991545587 
732.0	1.39569577704e+51	24.0178654185 
733.0	1.39273391578e+51	24.0405302397 
734.0	1.39013368801e+51	23.9826411518 
735.0	1.38563454366e+51	23.9839196168 
736.0	1.37293731046e+51	23.8989007805 
737.0	1.36822550421e+51	23.8955403085 
738.0	1.36593601501e+51	23.9083590245 
739.0	1.36745262352e+51	23.852969323 
740.0	1.36901564901e+51	23.8676757585 
741.0	1.37024252543e+51	23.7990196176 
742.0	1.36485407491e+51	23.7250250571 
743.0	1.36545009475e+51	23.6544176253 
744.0	1.36440456552e+51	23.588340291 
745.0	1.36216016331e+51	23.5189797271 
746.0	1.3642988257e+51	23.429921067 
747.0	1.35754644715e+51	23.3087403106 
748.0	1.35737976914e+51	23.2180123493 
749.0	1.34556999013e+51	23.0943900749 
750.0	1.32146876259e+51	22.9459161334 
751.0	1.29454319594e+51	22.7552521476 
752.0	1.26353845685e+51	22.6172443068 
753.0	1.25121525909e+51	22.5497529746 
754.0	1.22567948034e+51	22.4519191856 
755.0	1.21862456052e+51	22.410007303 
756.0	1.19411531117e+51	22.3080493406 
757.0	1.18127722012e+51	22.2907606726 
758.0	1.16970787401e+51	22.2221567033 
759.0	1.16277296484e+51	22.2215127568 
760.0	1.16881691039e+51	22.2539218438 
761.0	1.16674873243e+51	22.2267483367 
762.0	1.18300307205e+51	22.3092267103 
763.0	1.18757991731e+51	22.2967435308 
764.0	1.19031748587e+51	22.3212018356 
765.0	1.19605736217e+51	22.3194027561 
766.0	1.1907598837e+51	22.2445420435 
767.0	1.18517828919e+51	22.2081586489 
768.0	1.17381285998e+51	22.0882450467 
769.0	1.16917618691e+51	22.0332949898 
770.0	1.17154324462e+51	21.9664968713 
771.0	1.16289697512e+51	21.9067423652 
772.0	1.15975516865e+51	21.9270763036 
773.0	1.14484448749e+51	21.8833734716 
774.0	1.12696341894e+51	21.8492080277 
775.0	1.11253987697e+51	21.8374555308 
776.0	1.09388530184e+51	21.8314965801 
777.0	1.0804381004e+51	21.8919728118 
778.0	1.07533576833e+51	21.8834728091 
779.0	1.07749151611e+51	21.911148433 
780.0	1.07977414932e+51	21.9282288009 
781.0	1.07905635551e+51	21.9199140416 
782.0	1.08084195687e+51	21.9422244597 
783.0	1.0838801376e+51	21.9318352468 
784.0	1.0862595476e+51	21.9473248407 
785.0	1.09299524112e+51	21.9536642008 
786.0	1.09736547846e+51	21.9327174846 
787.0	1.11061028037e+51	21.959642122 
788.0	1.12205514402e+51	21.932407652 
789.0	1.13170833144e+51	21.9488437632 
790.0	1.14544611191e+51	21.9236566472 
791.0	1.15718065082e+51	21.8710014025 
792.0	1.1761458977e+51	21.8904593792 
793.0	1.18344470478e+51	21.8549033389 
794.0	1.19827686694e+51	21.8761389521 
795.0	1.20325318722e+51	21.8184927624 
796.0	1.20942071494e+51	21.8241470265 
797.0	1.21046950044e+51	21.7756557832 
798.0	1.20875886441e+51	21.7286574991 
799.0	1.21126306651e+51	21.677955204 
800.0	1.20409086581e+51	21.6229427729 
801.0	1.20799194405e+51	21.6296472925 
802.0	1.20345983428e+51	21.5844552361 
803.0	1.20819704897e+51	21.6291762859 
804.0	1.20823065282e+51	21.6181897712 
805.0	1.2153990275e+51	21.6359457216 
806.0	1.20819704897e+51	21.6291762859 
807.0	1.20823065282e+51	21.6181897712 
808.0	1.2153990275e+51	21.6359457216 
809.0	1.22506785404e+51	21.5967387977 
810.0	1.2329930246e+51	21.5918794277 
811.0	1.24252220875e+51	21.5749175286 
812.0	1.23331257097e+51	21.462978183 
813.0	1.24563995247e+51	21.4792277998 
814.0	1.24710160561e+51	21.4320225944 
815.0	1.25490684091e+51	21.4307752147 
816.0	1.25576333605e+51	21.4091422481 
817.0	1.24767129247e+51	21.3755746145 
818.0	1.24999661286e+51	21.3752400352 
819.0	1.23297042396e+51	21.3023589803 
820.0	1.23417305292e+51	21.3128950216 
821.0	1.23430262914e+51	21.3138117513 
822.0	1.23025755447e+51	21.2928498455 
823.0	1.23475628128e+51	21.3046418216 
824.0	1.22607982771e+51	21.2494086116 
825.0	1.230257022e+51	21.279642089 
826.0	1.2204378271e+51	21.2281786231 
827.0	1.2199963158e+51	21.2279786192 
828.0	1.21703031897e+51	21.2161533683 
829.0	1.2079663896e+51	21.1856604884 
830.0	1.20360567623e+51	21.173085005 
831.0	1.2054473501e+51	21.1288479342 
832.0	1.20909244678e+51	21.0892370593 
833.0	1.207397009e+51	21.0829575077 
834.0	1.20790240326e+51	21.0770798779 
835.0	1.21194675707e+51	21.1052992349 
836.0	1.21168856829e+51	21.0757633562 
837.0	1.215173761e+51	21.0719376606 
838.0	1.21784720165e+51	21.0645336502 
839.0	1.22290497653e+51	21.0619321824 
840.0	1.2262992371e+51	21.0372014087 
841.0	1.22424139716e+51	20.9744897907 
842.0	1.22257123836e+51	20.933901801 
843.0	1.21863281132e+51	20.8929415858 
844.0	1.2252620812e+51	20.8785687046 
845.0	1.22259850414e+51	20.8039110808 
846.0	1.22110022116e+51	20.7619943509 
847.0	1.220530339e+51	20.7443424076 
848.0	1.21748383433e+51	20.7073370417 
849.0	1.21516523537e+51	20.6786058257 
850.0	1.21295659183e+51	20.6292273903 
851.0	1.21076849437e+51	20.591643337 
852.0	1.20727925913e+51	20.5458998774 
853.0	1.20770645874e+51	20.5228878191 
854.0	1.20091540569e+51	20.4592380117 
855.0	1.19693148142e+51	20.421559438 
856.0	1.18924783899e+51	20.3782038146 
857.0	1.18690376267e+51	20.350005161 
858.0	1.17886402969e+51	20.2972207803 
859.0	1.17150893496e+51	20.2600283852 
860.0	1.16183288216e+51	20.1946786093 
861.0	1.15871957933e+51	20.1760059347 
862.0	1.14744583335e+51	20.119549647 
863.0	1.14858903201e+51	20.1174584175 
864.0	1.14281454483e+51	20.080783376 
865.0	1.13917930179e+51	20.0678958377 
866.0	1.13406993777e+51	20.0271443058 
867.0	1.1251973511e+51	19.9932830282 
868.0	1.11334315003e+51	19.9435974222 
869.0	1.11014773087e+51	19.9397159908 
870.0	1.10123081683e+51	19.9125448692 
871.0	1.09687888305e+51	19.9177580737 
872.0	1.08887379969e+51	19.8778663595 
873.0	1.08759737428e+51	19.8996988375 
874.0	1.08522315713e+51	19.8901348557 
875.0	1.08294474442e+51	19.8945926463 
876.0	1.0784691872e+51	19.8763145526 
877.0	1.07547768524e+51	19.850853113 
878.0	1.071060177e+51	19.8228923401 
879.0	1.06664225135e+51	19.8163071515 
880.0	1.06171969521e+51	19.7841120612 
881.0	1.05743220393e+51	19.784506094 
882.0	1.05408597119e+51	19.7639733399 
883.0	1.04954922079e+51	19.7501180963 
884.0	1.04521545854e+51	19.7530587525 
885.0	1.04202522367e+51	19.7416069265 
886.0	1.04262655007e+51	19.7506761373 
887.0	1.04335031775e+51	19.7726571899 
888.0	1.04067394095e+51	19.7807777689 
889.0	1.04445951116e+51	19.8213515621 
890.0	1.04886925057e+51	19.866827312 
891.0	1.05257889476e+51	19.8906404167 
892.0	1.05356419617e+51	19.9307941188 
893.0	1.05699888893e+51	19.9571997678 
894.0	1.05443473533e+51	19.9717165464 
895.0	1.05620660828e+51	20.0069684726 
896.0	1.05097027271e+51	19.9902497138 
897.0	1.04923839393e+51	19.9964227096 
898.0	1.04921813107e+51	20.0157769958 
899.0	1.04649205041e+51	20.009828003 
900.0	1.04825262585e+51	20.0251297583 
901.0	1.04570098997e+51	20.0253797428 
902.0	1.04521596455e+51	20.0369907473 
903.0	1.04419374923e+51	20.0478512642 
904.0	1.04428534649e+51	20.0413945056 
905.0	1.04038836638e+51	20.0416260071 
906.0	1.0393793545e+51	20.068673099 
907.0	1.03500516667e+51	20.0640480019 
908.0	1.0318214849e+51	20.0681894037 
909.0	1.02817036846e+51	20.0540093827 
910.0	1.02466999821e+51	20.0369389775 
911.0	1.02186602724e+51	20.0331442571 
912.0	1.01641633206e+51	20.0087352599 
913.0	1.01297105535e+51	19.9866674096 
914.0	1.00931950761e+51	19.9776762797 
915.0	1.00533645179e+51	19.948298406 
916.0	1.00158533749e+51	19.9329269007 
917.0	9.96804426581e+50	19.9065054314 
918.0	9.94331604541e+50	19.8982303773 
919.0	9.90076120608e+50	19.8724410819 
920.0	9.87213651582e+50	19.8647525473 
921.0	9.81541553293e+50	19.8486332659 
922.0	9.7769920964e+50	19.8307797216 
923.0	9.74272798545e+50	19.8415376614 
924.0	9.72037054241e+50	19.8393902549 
925.0	9.65101281215e+50	19.8111179944 
926.0	9.63985978942e+50	19.8230446235 
927.0	9.61426125063e+50	19.8230023889 
928.0	9.59021587143e+50	19.8218852849 
929.0	9.56017493827e+50	19.8020936213 
930.0	9.52537049691e+50	19.7887408102 
931.0	9.50010406145e+50	19.7857850907 
932.0	9.48832242314e+50	19.7844569053 
933.0	9.44540749876e+50	19.7419261979 
934.0	9.42269739666e+50	19.738183147 
935.0	9.38838736033e+50	19.7191875353 
936.0	9.42874208103e+50	19.792853559 
937.0	9.36545292333e+50	19.7660516554 
938.0	9.32155748514e+50	19.7476886466 
939.0	9.31171383901e+50	19.7522246184 
940.0	9.26178646064e+50	19.7274339695 
941.0	9.20856271192e+50	19.696332541 
942.0	9.20136403344e+50	19.6808983861 
943.0	9.14569094568e+50	19.6462113825 
944.0	9.08503081878e+50	19.6073541493 
945.0	9.04366249282e+50	19.5666442471 
946.0	9.04145874711e+50	19.5682413571 
947.0	8.97810678679e+50	19.5279751548 
948.0	8.95322755368e+50	19.5114074512 
949.0	8.92993941089e+50	19.5177655042 
950.0	8.88079855671e+50	19.4739377424 
951.0	8.87038152285e+50	19.4818430595 
952.0	8.84886101252e+50	19.4816711408 
953.0	8.8557833452e+50	19.5150815827 
954.0	8.81919093732e+50	19.5097013534 
955.0	8.7998907203e+50	19.5204742692 
956.0	8.79487391591e+50	19.5167786442 
957.0	8.79546299568e+50	19.5456962963 
958.0	8.78150309707e+50	19.54966773 
959.0	8.76361714302e+50	19.5541645859 
960.0	8.75054401815e+50	19.5314568832 
961.0	8.76218902483e+50	19.5504869506 
962.0	8.7163176138e+50	19.5229921948 
963.0	8.71023003253e+50	19.4962317696 
964.0	8.71775002973e+50	19.5002242215 
965.0	8.71344479444e+50	19.4873909923 
966.0	8.68747077757e+50	19.458938494 
967.0	8.67401842453e+50	19.4394424418 
968.0	8.65728079591e+50	19.4219195124 
969.0	8.62585656823e+50	19.3831933348 
970.0	8.6163427078e+50	19.3766047637 
971.0	8.58203246737e+50	19.3548858549 
972.0	8.56981655246e+50	19.3261243712 
973.0	8.58136323463e+50	19.285891578 
974.0	8.5747709357e+50	19.2561392352 
975.0	8.52562864313e+50	19.1812336132 
976.0	8.56456096323e+50	19.1775862767 
977.0	8.55140716246e+50	19.1144803602 
978.0	8.53247995179e+50	19.0607870019 
979.0	8.5270031071e+50	19.0368370506 
980.0	8.53415534491e+50	19.0066284643 
981.0	8.51071183664e+50	18.9708574722 
982.0	8.46876751219e+50	18.9574827442 
983.0	8.42727786717e+50	18.9139581272 
984.0	8.42807891056e+50	18.9242571185 
985.0	8.38720663407e+50	18.9039032007 
986.0	8.37901394088e+50	18.8937663582 
987.0	8.3673764086e+50	18.8830901335 
988.0	8.38535947097e+50	18.8720637155 
989.0	8.35102223335e+50	18.8079541977 
990.0	8.33595531553e+50	18.7986754371 
991.0	8.30478098804e+50	18.758032228 
992.0	8.30121647369e+50	18.7635123322 
993.0	8.31421113731e+50	18.7508159776 
994.0	8.27697646918e+50	18.7374336668 
995.0	8.27163804541e+50	18.6972882243 
996.0	8.2724929508e+50	18.6938761352 
997.0	8.23187285817e+50	18.668496232 
998.0	8.24875858149e+50	18.6699155492 
999.0	8.21902676177e+50	18.6553008436 
1000.0	8.20227378854e+50	18.6344599959 
1001.0	8.1896896555e+50	18.6014773857 
1002.0	8.18731456409e+50	18.6165214392 
1003.0	8.12599366336e+50	18.5650345295 
1004.0	8.07743140433e+50	18.5297343243 
1005.0	8.11908126966e+50	18.525635981 
1006.0	8.12064130757e+50	18.5138610955 
1007.0	8.03615448041e+50	18.4700465031 
1008.0	7.99510447394e+50	18.4516652313 
1009.0	8.02412642405e+50	18.4420717409 
1010.0	7.98544007656e+50	18.3964202106 
1011.0	7.93322952558e+50	18.376980961 
1012.0	7.90595340661e+50	18.3497204214 
1013.0	7.85100847113e+50	18.314994827 
1014.0	7.83248892579e+50	18.2890958045 
1015.0	7.80349790328e+50	18.2416802301 
1016.0	7.78159358514e+50	18.2113333555 
1017.0	7.78222299525e+50	18.2076211606 
1018.0	7.75358163065e+50	18.1760974842 
1019.0	7.74074497739e+50	18.1531633225 
1020.0	7.72941216312e+50	18.1358751288 
1021.0	7.70047825282e+50	18.1211795673 
1022.0	7.67905863519e+50	18.0936511828 
1023.0	7.65616805373e+50	18.0602174818 
1024.0	7.59226406252e+50	18.0252624802 
1025.0	7.55303869478e+50	17.983239629 
1026.0	7.52928778612e+50	17.9444603403 
1027.0	7.48672925451e+50	17.8993610231 
1028.0	7.43433908673e+50	17.8692042402 
1029.0	7.39539937059e+50	17.8263928886 
1030.0	7.36825064396e+50	17.8008906972 
1031.0	7.31171926468e+50	17.7612443053 
1032.0	7.31315288239e+50	17.748334557 
1033.0	7.29516040357e+50	17.734964519 
1034.0	7.2349622288e+50	17.7054519737 
1035.0	7.2644012077e+50	17.6911953578 
1036.0	7.19882528268e+50	17.6699848194 
1037.0	7.18091971214e+50	17.6396791418 
1038.0	7.17062365848e+50	17.6333055284 
1039.0	7.12547810383e+50	17.5941672779 
1040.0	7.097027209e+50	17.5822117621 
1041.0	7.04148240737e+50	17.542732709 
1042.0	7.05666508292e+50	17.5140063652 
1043.0	6.997596772e+50	17.4917849379 
1044.0	7.00090975741e+50	17.4711565072 
1045.0	6.98453785669e+50	17.4642229257 
1046.0	6.97748928624e+50	17.4265357641 
1047.0	6.97556000995e+50	17.4142639344 
1048.0	6.94365813958e+50	17.3906371016 
1049.0	6.94275540652e+50	17.3547101801 
1050.0	6.92444835532e+50	17.344948635 
1051.0	6.89803177924e+50	17.322390073 
1052.0	6.8883980741e+50	17.268625632 
1053.0	6.87339918901e+50	17.2297577228 
1054.0	6.83669115301e+50	17.2065541898 
1055.0	6.86086184794e+50	17.1688780841 
1056.0	6.85995741125e+50	17.147298818 
1057.0	6.84827015715e+50	17.1289254586 
1058.0	6.86098473757e+50	17.0815203139 
1059.0	6.8682050652e+50	17.0326609761 
1060.0	6.84332410692e+50	17.0181773237 
1061.0	6.84344759162e+50	16.9810269278 
1062.0	6.83422085279e+50	16.9562579689 
1063.0	6.80208989201e+50	16.930222734 
1064.0	6.79693327735e+50	16.9402847716 
1065.0	6.79378486579e+50	16.9016771873 
1066.0	6.73901900673e+50	16.8745718726 
1067.0	6.73067125703e+50	16.8687981596 
1068.0	6.73855414889e+50	16.8588153472 
1069.0	6.67088333134e+50	16.8293714133 
1070.0	6.67437500947e+50	16.8535320181 
1071.0	6.6718363397e+50	16.8102199675 
1072.0	6.62507245123e+50	16.7895413924 
1073.0	6.60906331953e+50	16.797335847 
1074.0	6.61258666464e+50	16.7921426941 
1075.0	6.50603194274e+50	16.7383105827 
1076.0	6.52292501889e+50	16.7688825424 
1077.0	6.52661874701e+50	16.7296446467 
1078.0	6.47025740369e+50	16.7153697414 
1079.0	6.44761083088e+50	16.6824400227 
1080.0	6.4248826095e+50	16.6970320788 
1081.0	6.42894725687e+50	16.682861647 
1082.0	6.42027896895e+50	16.6573051182 
1083.0	6.40048871361e+50	16.6367974468 
1084.0	6.40150431364e+50	16.6053400277 
1085.0	6.37977781762e+50	16.5651034114 
1086.0	6.3554778974e+50	16.5525298313 
1087.0	6.38287648734e+50	16.5382958123 
1088.0	6.33428333946e+50	16.506672874 
1089.0	6.31782094355e+50	16.501299469 
1090.0	6.33061949454e+50	16.4945047992 
1091.0	6.28892098185e+50	16.481876853 
1092.0	6.27549969073e+50	16.4740952627 
1093.0	6.2843741499e+50	16.458515921 
1094.0	6.24987889155e+50	16.4443771932 
1095.0	6.23982348101e+50	16.4526313991 
1096.0	6.22980514256e+50	16.4352158771 
1097.0	6.22383794592e+50	16.4559750398 
1098.0	6.20417464152e+50	16.4284615622 
1099.0	6.23066098299e+50	16.4264883218 
1100.0	6.21253808959e+50	16.4258811539 
1101.0	6.19257327671e+50	16.3667597999 
1102.0	6.21589572155e+50	16.3651183211 
1103.0	6.1925636334e+50	16.3498564014 
1104.0	6.19323926302e+50	16.3246289751 
1105.0	6.21429460289e+50	16.3148845859 
1106.0	6.17678866024e+50	16.2720366972 
1107.0	6.17663629187e+50	16.2345905691 
1108.0	6.18226621403e+50	16.2661265065 
1109.0	6.16348283978e+50	16.225879106 
1110.0	6.15926012792e+50	16.1530792824 
1111.0	6.1660977023e+50	16.1724248442 
1112.0	6.14287226255e+50	16.1212282995 
1113.0	6.13248254654e+50	16.07043595 
1114.0	6.1194945981e+50	16.0745347318 
1115.0	6.106022091e+50	16.0809092953 
1116.0	6.11915382084e+50	16.0827391594 
1117.0	6.11094101443e+50	16.0538684875 
1118.0	6.11737493467e+50	16.0476016535 
1119.0	6.12086089675e+50	16.034248018 
1120.0	6.12621025903e+50	16.013379465 
1121.0	6.1308556596e+50	16.0293957493 
1122.0	6.13307090915e+50	15.9848321832 
1123.0	6.14256734082e+50	15.9755944033 
1124.0	6.14334497464e+50	15.9618688316 
1125.0	6.1370836507e+50	15.9313751419 
1126.0	6.12596301512e+50	15.9199042095 
1127.0	6.13249713218e+50	15.9124988006 
1128.0	6.13837898345e+50	15.9202481936 
1129.0	6.13643247299e+50	15.8958769063 
1130.0	6.13149445074e+50	15.8951108539 
1131.0	6.13169697964e+50	15.9062547471 
1132.0	6.12027524376e+50	15.8713813831 
1133.0	6.12247179788e+50	15.8585142629 
1134.0	6.11674173397e+50	15.8672089375 
1135.0	6.11936927876e+50	15.825512381 
1136.0	6.13183365527e+50	15.8581760255 
1137.0	6.1090726107e+50	15.8579265987 
1138.0	6.10365044211e+50	15.8152782727 
1139.0	6.09395303213e+50	15.8201179408 
1140.0	6.10473471475e+50	15.8270970333 
1141.0	6.11784386094e+50	15.8312830849 
1142.0	6.10572978179e+50	15.841891638 
1143.0	6.10505182065e+50	15.8325931252 
1144.0	6.10657808743e+50	15.814256001 
1145.0	6.10448589961e+50	15.8278768875 
1146.0	6.11011113438e+50	15.8177718024 
1147.0	6.10814488812e+50	15.8177130464 
1148.0	6.10327734836e+50	15.8123210236 
1149.0	6.10663995869e+50	15.811106394 
1150.0	6.09550036839e+50	15.7955094778 
1151.0	6.10604412982e+50	15.7717542133 
1152.0	6.10425781775e+50	15.7627514056 
1153.0	6.08705321764e+50	15.751319037 
1154.0	6.07917662428e+50	15.7393531816 
1155.0	6.08233803207e+50	15.7352561446 
1156.0	6.07144349713e+50	15.718889824 
1157.0	6.04932002788e+50	15.7127339466 
1158.0	6.0576273707e+50	15.7027465068 
1159.0	6.04019918601e+50	15.674781108 
1160.0	6.06248141302e+50	15.6858752964 
1161.0	6.04504902651e+50	15.6875023882 
1162.0	6.02079748427e+50	15.6639712778 
1163.0	6.04578344928e+50	15.6952036963 
1164.0	6.03159722321e+50	15.6628560951 
1165.0	6.03931053546e+50	15.6487464413 
1166.0	6.03331364875e+50	15.6477216942 
1167.0	6.02934684409e+50	15.6253144011 
1168.0	6.01185931378e+50	15.6139225968 
1169.0	6.00996352024e+50	15.5991083497 
1170.0	6.01304710829e+50	15.5956298741 
1171.0	6.01122839678e+50	15.5788071134 
1172.0	5.99959263063e+50	15.5593924895 
1173.0	5.98711692066e+50	15.539068602 
1174.0	5.9746410069e+50	15.5316025105 
1175.0	5.96729149159e+50	15.5168666158 
1176.0	5.97698598035e+50	15.511305682 
1177.0	5.95771038293e+50	15.5130688058 
1178.0	5.94476498388e+50	15.4820303921 
1179.0	5.94004734209e+50	15.4533663128 
1180.0	5.91885187136e+50	15.4468111873 
1181.0	5.90289326661e+50	15.4213352838 
1182.0	5.90206621866e+50	15.4220727242 
1183.0	5.87711676453e+50	15.3995852853 
1184.0	5.84611547731e+50	15.3708131612 
1185.0	5.83835049909e+50	15.3713636083 
1186.0	5.81996375658e+50	15.335929083 
1187.0	5.79124865081e+50	15.3025759689 
1188.0	5.76529995968e+50	15.2932403132 
1189.0	5.74750862119e+50	15.2617769481 
1190.0	5.73905274574e+50	15.2704494478 
1191.0	5.70490779658e+50	15.2334458732 
1192.0	5.69247513794e+50	15.219368459 
1193.0	5.68507694413e+50	15.1925085202 
1194.0	5.6835657261e+50	15.1729257559 
1195.0	5.65450398897e+50	15.1565889594 
1196.0	5.64746232447e+50	15.1423931918 
1197.0	5.65316623263e+50	15.1434330714 
1198.0	5.62441116854e+50	15.1615589593 
1199.0	5.60330743596e+50	15.1359034381 
1200.0	5.62813360712e+50	15.1101357893 
1201.0	5.59071840635e+50	15.0761357419 
1202.0	5.58210004805e+50	15.0697936069 
1203.0	5.59375618995e+50	15.042171 
1204.0	5.57874152785e+50	15.0438014362 
1205.0	5.5611379401e+50	15.0309679826 
1206.0	5.57063490424e+50	15.0411775865 
1207.0	5.54309892808e+50	15.006520143 
1208.0	5.5301927524e+50	14.9800536409 
1209.0	5.53567005749e+50	14.995229013 
1210.0	5.51303706629e+50	14.9805170411 
1211.0	5.50357022395e+50	14.9819898282 
1212.0	5.50007699353e+50	14.968472039 
1213.0	5.47312857533e+50	14.9299646948 
1214.0	5.46914949365e+50	14.9442241612 
1215.0	5.45030166864e+50	14.9381060088 
1216.0	5.44638369772e+50	14.9291446783 
1217.0	5.4095272325e+50	14.8977227861 
1218.0	5.40558241859e+50	14.882063322 
1219.0	5.40062131761e+50	14.8750148582 
1220.0	5.36922716372e+50	14.8412522315 
1221.0	5.39687446078e+50	14.863682486 
1222.0	5.36197244402e+50	14.8307893293 
1223.0	5.3226000897e+50	14.8202239253 
1224.0	5.33566673027e+50	14.8320024617 
1225.0	5.30359844751e+50	14.7934667894 
1226.0	5.31145136191e+50	14.807515448 
1227.0	5.27953494601e+50	14.7859991862 
1228.0	5.26652853317e+50	14.7876870615 
1229.0	5.2560726268e+50	14.7550993873 
1230.0	5.25174706743e+50	14.773396585 
1231.0	5.23477045574e+50	14.7629886769 
1232.0	5.2313886905e+50	14.7671280245 
1233.0	5.21238167159e+50	14.7355468022 
1234.0	5.18933088959e+50	14.7279565895 
1235.0	5.17614803912e+50	14.7334154114 
1236.0	5.1635478819e+50	14.6906671915 
1237.0	5.17036161333e+50	14.7223434427 
1238.0	5.14814543157e+50	14.7181012755 
1239.0	5.14378863419e+50	14.7232749325 
1240.0	5.13940975004e+50	14.7114553205 
1241.0	5.12461137089e+50	14.7033712974 
1242.0	5.12365216611e+50	14.6911032849 
1243.0	5.11229185627e+50	14.6695330637 
1244.0	5.09723405562e+50	14.6927093157 
1245.0	5.08616829272e+50	14.6564019982 
1246.0	5.08573443311e+50	14.6484794417 
1247.0	5.0564074387e+50	14.6548028065 
1248.0	5.04557066872e+50	14.6524156445 
1249.0	5.04132489382e+50	14.6550323832 
1250.0	5.03746096057e+50	14.6231033185 
1251.0	5.02525498809e+50	14.6312079768 
1252.0	5.00544491283e+50	14.6191964404 
1253.0	4.98485001755e+50	14.592782051 
1254.0	4.98272486572e+50	14.6063999405 
1255.0	4.95388907965e+50	14.5819258288 
1256.0	4.93531530409e+50	14.5558378394 
1257.0	4.93071311969e+50	14.5584433675 
1258.0	4.92003986808e+50	14.5234478834 
1259.0	4.92560110107e+50	14.523429712 
1260.0	4.90910089113e+50	14.503982954 
1261.0	4.89508506705e+50	14.483905672 
1262.0	4.89480109287e+50	14.4798787027 
1263.0	4.88085310245e+50	14.467554886 
1264.0	4.88113839245e+50	14.4551392459 
1265.0	4.8721978439e+50	14.442668982 
1266.0	4.8594884009e+50	14.4447167581 
1267.0	4.85805511718e+50	14.441639876 
1268.0	4.85124513968e+50	14.4239681146 
1269.0	4.84578422728e+50	14.424293069 
1270.0	4.83286040508e+50	14.4029487778 
1271.0	4.83397413886e+50	14.3909761088 
1272.0	4.8319768018e+50	14.3956172723 
1273.0	4.81571163547e+50	14.3810418247 
1274.0	4.81640695284e+50	14.372876217 
1275.0	4.8072103025e+50	14.3651377277 
1276.0	4.79808748903e+50	14.3477147 
1277.0	4.79245293419e+50	14.3257784747 
1278.0	4.77695567193e+50	14.3308435232 
1279.0	4.77177113313e+50	14.3311431166 
1280.0	4.76679520099e+50	14.33313584 
1281.0	4.75714067678e+50	14.3004531408 
1282.0	4.74255457378e+50	14.2871740668 
1283.0	4.73827923803e+50	14.2828424555 
1284.0	4.72891621992e+50	14.273951995 
1285.0	4.71728268955e+50	14.2759487205 
1286.0	4.70369395576e+50	14.2714091933 
1287.0	4.7084624265e+50	14.2547505444 
1288.0	4.70358311466e+50	14.239375681 
1289.0	4.69468571949e+50	14.2260630396 
1290.0	4.69081298563e+50	14.214981544 
1291.0	4.66688479435e+50	14.2225829174 
1292.0	4.65836554803e+50	14.230602603 
1293.0	4.66032138526e+50	14.201246472 
1294.0	4.64261715299e+50	14.1832723082 
1295.0	4.61754471042e+50	14.165221416 
1296.0	4.6070141062e+50	14.1540920199 
1297.0	4.58828965394e+50	14.1533459062 
1298.0	4.57075858477e+50	14.1291342965 
1299.0	4.56629519254e+50	14.1215809443 
1300.0	4.54651595887e+50	14.099827788 
1301.0	4.5301284422e+50	14.092150526 
1302.0	4.5369082551e+50	14.0902334417 
1303.0	4.52585231652e+50	14.0789131161 
1304.0	4.50971166111e+50	14.0734151801 
1305.0	4.49621055541e+50	14.057698276 
1306.0	4.48709544111e+50	14.0438792728 
1307.0	4.47621262959e+50	14.048862638 
1308.0	4.44983792318e+50	14.0301415085 
1309.0	4.43800617168e+50	14.0334410926 
1310.0	4.43597121797e+50	14.0234004941 
1311.0	4.42742992252e+50	14.0199904964 
1312.0	4.41981727564e+50	13.9984751195 
1313.0	4.42128105466e+50	13.9797897147 
1314.0	4.40933770116e+50	14.0052179187 
1315.0	4.3999894256e+50	13.9816591008 
1316.0	4.42020521176e+50	13.9751966909 
1317.0	4.39147094861e+50	13.9646835942 
1318.0	4.38535218418e+50	13.9166748053 
1319.0	4.36363308524e+50	13.9071011316 
1320.0	4.35621189146e+50	13.9108389531 
1321.0	4.35328287756e+50	13.9065344595 
1322.0	4.32925007e+50	13.8631502054 
1323.0	4.34365304556e+50	13.8819399061 
1324.0	4.32513263861e+50	13.8556762056 
1325.0	4.29734517347e+50	13.8177917156 
1326.0	4.25760827218e+50	13.7784019209 
1327.0	4.25177233308e+50	13.7871041859 
1328.0	4.26206871968e+50	13.7787844822 
1329.0	4.25344961408e+50	13.7456046836 
1330.0	4.22301595205e+50	13.7243295753 
1331.0	4.22127080348e+50	13.7118225072 
1332.0	4.24161016503e+50	13.7149701001 
1333.0	4.21387838583e+50	13.6895718761 
1334.0	4.18592323027e+50	13.6747782005 
1335.0	4.16254381114e+50	13.6454540526 
1336.0	4.21568904403e+50	13.6742802547 
1337.0	4.16849660568e+50	13.6455334195 
1338.0	4.1460798246e+50	13.6272308273 
1339.0	4.14864068455e+50	13.6268747401 
1340.0	4.15081004654e+50	13.6381819678 
1341.0	4.14787661063e+50	13.6321313448 
1342.0	4.12164636688e+50	13.5997184538 
1343.0	4.13518096147e+50	13.5786288676 
1344.0	4.1266261294e+50	13.5737653622 
1345.0	4.10173537396e+50	13.5826875265 
1346.0	4.1153547495e+50	13.5489668474 
1347.0	4.11237926446e+50	13.556213864 
1348.0	4.06181093156e+50	13.5135672139 
1349.0	4.07385699478e+50	13.5260758143 
1350.0	4.08594949128e+50	13.5203211289 
1351.0	4.0566696437e+50	13.4789748507 
1352.0	4.01588327373e+50	13.4612243429 
1353.0	4.03658874262e+50	13.4744881442 
1354.0	4.04113861096e+50	13.4787286644 
1355.0	4.02731652403e+50	13.4775717688 
1356.0	3.99398024464e+50	13.4284562166 
1357.0	3.99916514987e+50	13.4394528591 
1358.0	3.98534600352e+50	13.4171771885 
1359.0	3.96173869699e+50	13.3964449877 
1360.0	3.95822877286e+50	13.3954331873 
1361.0	4.00506065076e+50	13.4167475847 
1362.0	3.98129753853e+50	13.3919698609 
1363.0	3.96461510605e+50	13.399386311 
1364.0	3.91947982934e+50	13.3428961679 
1365.0	3.90158886892e+50	13.3120824433 
1366.0	3.91112811641e+50	13.3407633757 
1367.0	3.87259336982e+50	13.3063654553 
1368.0	3.90483110851e+50	13.3442879091 
1369.0	3.88131061292e+50	13.311997658 
1370.0	3.89933478715e+50	13.3422384246 
1371.0	3.8402145112e+50	13.2803798698 
1372.0	3.85035862944e+50	13.2844317827 
1373.0	3.81282094079e+50	13.2360949522 
1374.0	3.8099353097e+50	13.2465334433 
1375.0	3.80689255429e+50	13.2315009842 
1376.0	3.82843923179e+50	13.2497772274 
1377.0	3.79134638644e+50	13.192447 
1378.0	3.75086716471e+50	13.147546787 
1379.0	3.73948593907e+50	13.1441673226 
1380.0	3.73811006246e+50	13.1376198016 
1381.0	3.72889696516e+50	13.1364875293 
1382.0	3.70191327965e+50	13.1213739932 
1383.0	3.69378817438e+50	13.1011316402 
1384.0	3.72066735626e+50	13.1259561033 
1385.0	3.7395682411e+50	13.1265363564 
1386.0	3.72289608585e+50	13.1041396937 
1387.0	3.69383313289e+50	13.0927059909 
1388.0	3.67762576021e+50	13.086837748 
1389.0	3.6586159061e+50	13.0760937743 
1390.0	3.65575222381e+50	13.0420133389 
1391.0	3.65888892472e+50	13.059728436 
1392.0	3.67978111011e+50	13.0758418649 
1393.0	3.66546450232e+50	13.0686683388 
1394.0	3.64871269977e+50	13.0552255209 
1395.0	3.6228326286e+50	13.0293637423 
1396.0	3.61109187884e+50	13.0039841558 
1397.0	3.60005007064e+50	13.0023116132 
1398.0	3.58102134888e+50	13.0044726164 
1399.0	3.56447857882e+50	12.9681374602 
1400.0	3.54902480777e+50	12.947099217 
1401.0	3.57176409884e+50	12.9997399718 
1402.0	3.58181895562e+50	13.0081060673 
1403.0	3.57293609012e+50	12.9919231215 
1404.0	3.53783826212e+50	12.9247238757 
1405.0	3.495870425e+50	12.8900794472 
1406.0	3.48623677688e+50	12.8869767663 
1407.0	3.48208853234e+50	12.8826328171 
1408.0	3.46230365141e+50	12.8978385747 
1409.0	3.45472614474e+50	12.8838047129 
1410.0	3.43837567269e+50	12.8521482152 
1411.0	3.48431248006e+50	12.8908638484 
1412.0	3.46299106646e+50	12.8951105148 
1413.0	3.46757116676e+50	12.8982656238 
1414.0	3.41912535704e+50	12.8370647214 
1415.0	3.4098929595e+50	12.8218852627 
1416.0	3.39005847954e+50	12.8134816014 
1417.0	3.39309302485e+50	12.8216700332 
1418.0	3.40313122939e+50	12.810874254 
1419.0	3.4055940135e+50	12.8435938519 
1420.0	3.39664100612e+50	12.8223727097 
1421.0	3.39520090461e+50	12.8080305868 
1422.0	3.35852271464e+50	12.780155445 
1423.0	3.32603302039e+50	12.7541204712 
1424.0	3.30814297835e+50	12.7504073629 
1425.0	3.30837162481e+50	12.7351636381 
1426.0	3.28801550492e+50	12.7295818635 
1427.0	3.28092171569e+50	12.7276433068 
1428.0	3.29360668506e+50	12.7305703852 
1429.0	3.28827864177e+50	12.7418398739 
1430.0	3.29587959037e+50	12.7317891161 
1431.0	3.27990520463e+50	12.7160625893 
1432.0	3.24015695862e+50	12.678292195 
1433.0	3.21717205618e+50	12.6591356029 
1434.0	3.19897890045e+50	12.6481337854 
1435.0	3.18726444226e+50	12.6476195978 
1436.0	3.19681721695e+50	12.6681998879 
1437.0	3.21176216794e+50	12.6785704235 
1438.0	3.22345676102e+50	12.7074153231 
1439.0	3.19889068892e+50	12.6780181398 
1440.0	3.1723690318e+50	12.6319872658 
1441.0	3.16536066449e+50	12.6472108998 
1442.0	3.16526240351e+50	12.6363287234 
1443.0	3.18177376919e+50	12.6380974627 
1444.0	3.18065968775e+50	12.6579960478 
1445.0	3.20065160415e+50	12.6592978788 
1446.0	3.17801590946e+50	12.6159376742 
1447.0	3.15544569623e+50	12.5976510766 
1448.0	3.13000211543e+50	12.5746086554 
1449.0	3.12086483876e+50	12.5876626143 
1450.0	3.11096419308e+50	12.5570140642 
1451.0	3.09360404135e+50	12.5457597548 
1452.0	3.08036221363e+50	12.5306392753 
1453.0	3.07977198877e+50	12.5208347014 
1454.0	3.09252495644e+50	12.5156970212 
1455.0	3.07204726032e+50	12.508761776 
1456.0	3.053264557e+50	12.487523951 
1457.0	3.06432992282e+50	12.4784868247 
1458.0	3.06641790351e+50	12.4842959332 
1459.0	3.06747709331e+50	12.4991588141 
1460.0	3.05181561349e+50	12.4546922986 
1461.0	3.01630733317e+50	12.4320575495 
1462.0	2.99894058915e+50	12.4170021937 
1463.0	2.9739113023e+50	12.3761505107 
1464.0	2.98752001508e+50	12.4108550193 
1465.0	2.98453329681e+50	12.3860869715 
1466.0	3.02824706108e+50	12.4054342021 
1467.0	3.01878919197e+50	12.4124967933 
1468.0	2.98110476403e+50	12.3707665484 
1469.0	2.96081416375e+50	12.3637638714 
1470.0	2.94256070828e+50	12.3482532165 
1471.0	2.93438340521e+50	12.328984213 
1472.0	2.95446470848e+50	12.3723496443 
1473.0	2.96506313103e+50	12.3594171291 
1474.0	2.96849561678e+50	12.3739663046 
1475.0	2.95918269953e+50	12.3870706004 
1476.0	2.91074271039e+50	12.3033559883 
1477.0	2.89866274915e+50	12.2935944288 
1478.0	2.8843308642e+50	12.2530846037 
1479.0	2.87917587265e+50	12.2776438238 
1480.0	2.8993279219e+50	12.304008862 
1481.0	2.90657859191e+50	12.3057193908 
1482.0	2.89680935137e+50	12.2616623421 
1483.0	2.88999825984e+50	12.279853987 
1484.0	2.84620966221e+50	12.204726247 
1485.0	2.83077406155e+50	12.1587609355 
1486.0	2.80905693594e+50	12.1550575004 
1487.0	2.80069228331e+50	12.1437704284 
1488.0	2.7904645235e+50	12.1043436707 
1489.0	2.79671230207e+50	12.1267036491 
1490.0	2.79765857423e+50	12.1033981185 
1491.0	2.78036814565e+50	12.0908825932 
1492.0	2.7803067259e+50	12.1080374544 
1493.0	2.76547064382e+50	12.0846706125 
1494.0	2.77682769849e+50	12.0712323136 
1495.0	2.77800087185e+50	12.0564910929 
1496.0	2.73458965775e+50	12.0023301571 
1497.0	2.7176084386e+50	11.973679017 
1498.0	2.69767621232e+50	11.9570114109 
1499.0	2.69500867854e+50	11.9388413197 
1500.0	2.71653039911e+50	11.9900859125 
1501.0	2.71867401581e+50	11.9737388851 
1502.0	2.70556410051e+50	11.9443876851 
1503.0	2.71439894415e+50	11.9500538343 
1504.0	2.70746241283e+50	11.9473214262 
1505.0	2.69585451061e+50	11.9380407493 
1506.0	2.68511843371e+50	11.92658999 
1507.0	2.63286927981e+50	11.8645946583 
1508.0	2.61963335721e+50	11.8467221785 
1509.0	2.6060707176e+50	11.8377098639 
1510.0	2.61087723939e+50	11.8380019975 
1511.0	2.6357855373e+50	11.8438631166 
1512.0	2.62601170013e+50	11.8528265444 
1513.0	2.6199690494e+50	11.8732824324 
1514.0	2.58242962431e+50	11.8158085764 
1515.0	2.57076467484e+50	11.7772467789 
1516.0	2.56294877754e+50	11.7663949681 
1517.0	2.56497025935e+50	11.785842859 
1518.0	2.57065208625e+50	11.7877641128 
1519.0	2.55777919413e+50	11.7548491088 
1520.0	2.54235424716e+50	11.7516555498 
1521.0	2.54591395148e+50	11.7384364129 
1522.0	2.5474834553e+50	11.7276368344 
1523.0	2.54483675907e+50	11.7446119235 
1524.0	2.55253822125e+50	11.7093941122 
1525.0	2.5422075508e+50	11.7213883408 
1526.0	2.52063890486e+50	11.7065198999 
1527.0	2.49806982437e+50	11.6620674631 
1528.0	2.48573306476e+50	11.6274303571 
1529.0	2.49146542359e+50	11.6232093749 
1530.0	2.4836739069e+50	11.6212826296 
1531.0	2.49445552002e+50	11.6330249833 
1532.0	2.48501423167e+50	11.608138097 
1533.0	2.48673830902e+50	11.6446561437 
1534.0	2.48446481591e+50	11.6379133544 
1535.0	2.4612496747e+50	11.6082677533 
1536.0	2.4662988931e+50	11.6293652312 
1537.0	2.45945838325e+50	11.6106776281 
1538.0	2.43989080305e+50	11.5733093362 
1539.0	2.41564865349e+50	11.5471572652 
1540.0	2.40941931114e+50	11.5312753277 
1541.0	2.40269239637e+50	11.5705401043 
1542.0	2.41006863074e+50	11.5830400117 
1543.0	2.41311953896e+50	11.5715823635 
1544.0	2.42720202595e+50	11.5889800261 
1545.0	2.42351414948e+50	11.6001316379 
1546.0	2.41484334033e+50	11.5861692139 
1547.0	2.38299990805e+50	11.5330026595 
1548.0	2.36347340136e+50	11.5097874373 
1549.0	2.36240916003e+50	11.5013871506 
1550.0	2.38217918933e+50	11.5394851236 
1551.0	2.37114036739e+50	11.524281637 
1552.0	2.38302604043e+50	11.5361190489 
1553.0	2.37870311486e+50	11.5512784509 
1554.0	2.38609667671e+50	11.5218738272 
1555.0	2.36062218961e+50	11.4871976565 
1556.0	2.33699419166e+50	11.4528306668 
1557.0	2.32536138817e+50	11.4486184883 
1558.0	2.3348858352e+50	11.4513245919 
1559.0	2.3222290834e+50	11.4538869164 
1560.0	2.31402223318e+50	11.4376436591 
1561.0	2.31288353759e+50	11.4142426482 
1562.0	2.32861850418e+50	11.4613576588 
1563.0	2.32663590979e+50	11.4516175914 
1564.0	2.32651270444e+50	11.445215951 
1565.0	2.31556980091e+50	11.4493950496 
1566.0	2.2998317467e+50	11.3845015037 
1567.0	2.27018421482e+50	11.3643123316 
1568.0	2.26382158869e+50	11.3234299149 
1569.0	2.25393244681e+50	11.3228436565 
1570.0	2.25827940164e+50	11.3290757233 
1571.0	2.26244511975e+50	11.3140762442 
1572.0	2.25408153509e+50	11.3142319981 
1573.0	2.25870612678e+50	11.3516387843 
1574.0	2.26776129015e+50	11.3394839173 
1575.0	2.26235493211e+50	11.3345556848 
1576.0	2.26364870309e+50	11.3141293185 
1577.0	2.26984325395e+50	11.3351645296 
1578.0	2.25977578791e+50	11.3132086479 
1579.0	2.25654565115e+50	11.328647818 
1580.0	2.23277804941e+50	11.2758278123 
1581.0	2.22596638329e+50	11.2862392105 
1582.0	2.22431257502e+50	11.3135381345 
1583.0	2.25269593649e+50	11.3515557153 
1584.0	2.24848331529e+50	11.3383613183 
1585.0	2.254207336e+50	11.3505000893 
1586.0	2.25705869979e+50	11.3708841699 
1587.0	2.26080924379e+50	11.3548610211 
1588.0	2.26210196502e+50	11.3576371513 
1589.0	2.25468711987e+50	11.3575661926 
1590.0	2.22893170381e+50	11.3054931766 
1591.0	2.21738601029e+50	11.3406472943 
1592.0	2.22581942554e+50	11.317913292 
1593.0	2.22284777632e+50	11.31528075 
1594.0	2.23984153527e+50	11.3564430193 
1595.0	2.2386263407e+50	11.3401616762 
1596.0	2.24750754738e+50	11.3599803509 
1597.0	2.2493856809e+50	11.3649325854 
1598.0	2.24775501029e+50	11.3399778312 
1599.0	2.24241818191e+50	11.3508127394 
1600.0	2.24607980241e+50	11.349859553 
1601.0	2.23139357116e+50	11.3152618272 
1602.0	2.25967451281e+50	11.3770114579 
1603.0	2.25794756394e+50	11.3587045497 
1604.0	2.22333686311e+50	11.3045529402 
1605.0	2.21436702411e+50	11.3114249842 
1606.0	2.21417110575e+50	11.2928156398 
1607.0	2.21944844806e+50	11.3597440966 
1608.0	2.21829031961e+50	11.3417593881 
1609.0	2.21599527409e+50	11.2988673681 
1610.0	2.22282638867e+50	11.3367657189 
1611.0	2.20973838082e+50	11.2829506661 
1612.0	2.21394008018e+50	11.299281447 
1613.0	2.19426535988e+50	11.2945163816 
1614.0	2.19285518653e+50	11.2747019489 
1615.0	2.18145861395e+50	11.2609339705 
1616.0	2.18961773291e+50	11.3236746037 
1617.0	2.18484064941e+50	11.2605341116 
1618.0	2.1890846046e+50	11.2561071878 
1619.0	2.22107861161e+50	11.3332884091 
1620.0	2.18569967075e+50	11.2528595689 
1621.0	2.18617759553e+50	11.2803314346 
1622.0	2.19677945337e+50	11.2697302133 
1623.0	2.1946532323e+50	11.2506047201 
1624.0	2.19432740938e+50	11.2685564267 
1625.0	2.20270457664e+50	11.2755631139 
1626.0	2.19671991662e+50	11.3221225296 
1627.0	2.19482753839e+50	11.3258950041 
1628.0	2.18292131937e+50	11.2587331408 
1629.0	2.18087061029e+50	11.2599244905 
1630.0	2.17416025976e+50	11.2571692356 
1631.0	2.18344443425e+50	11.2326534068 
1632.0	2.21620194785e+50	11.3106439202 
1633.0	2.18569445017e+50	11.2707902399 
1634.0	2.17439936535e+50	11.230467905 
1635.0	2.19866376617e+50	11.2642820727 
1636.0	2.18056990006e+50	11.252205637 
1637.0	2.14679005643e+50	11.2457975819 
1638.0	2.14762239201e+50	11.1752049977 
1639.0	2.15230667036e+50	11.1739506226 
1640.0	2.14796816628e+50	11.1562325325 
1641.0	2.14495408105e+50	11.1514976143 
1642.0	2.13669468802e+50	11.1557140397 
1643.0	2.12715347333e+50	11.1426777985 
1644.0	2.11720202154e+50	11.1263938458 
1645.0	2.11681008508e+50	11.1374075996 
1646.0	2.11926487917e+50	11.1113171328 
1647.0	2.15291746537e+50	11.1325194407 
1648.0	2.12131352712e+50	11.1004002176 
1649.0	2.10195629298e+50	11.062742244 
1650.0	2.092340495e+50	11.0428635292 
1651.0	2.09862996595e+50	11.0534614089 
1652.0	2.09834934907e+50	11.0216227225 
1653.0	2.08791408134e+50	11.0108154886 
1654.0	2.07353983929e+50	10.9994311754 
1655.0	2.0712496092e+50	11.0007067288 
1656.0	2.06274635707e+50	10.9751576667 
1657.0	2.0631072407e+50	10.9956766702 
1658.0	2.06110024289e+50	10.9994439031 
1659.0	2.0588656468e+50	10.9862604817 
1660.0	2.04814992162e+50	10.9574861233 
1661.0	2.06562849734e+50	10.9836750319 
1662.0	2.06573098389e+50	10.9640378053 
1663.0	2.06153480227e+50	10.950480047 
1664.0	2.06870392536e+50	10.9683177533 
1665.0	2.05837001362e+50	10.9583278335 
1666.0	2.05164938191e+50	10.9405592314 
1667.0	2.0522114041e+50	10.9468865013 
1668.0	2.04696018753e+50	10.9139138996 
1669.0	2.04242773607e+50	10.9014120947 
1670.0	2.02944795888e+50	10.9089013106 
1671.0	2.02123606879e+50	10.8911610131 
1672.0	2.01503720779e+50	10.8637747148 
1673.0	2.01172327514e+50	10.8450856796 
1674.0	2.00374161419e+50	10.8426431821 
1675.0	1.99931048679e+50	10.8231488115 
1676.0	1.9978574607e+50	10.8003858625 
1677.0	1.99105787404e+50	10.8182879008 
1678.0	1.9881655068e+50	10.8106495074 
1679.0	1.99455798242e+50	10.8034727343 
1680.0	1.99314805202e+50	10.7848992135 
1681.0	1.98693767817e+50	10.7940009954 
1682.0	2.01012425966e+50	10.8354491537 
1683.0	1.98297330502e+50	10.7619136183 
1684.0	1.99777307371e+50	10.8314291499 
1685.0	1.96580677024e+50	10.7765791674 
1686.0	1.95587356868e+50	10.7146862457 
1687.0	1.94695505031e+50	10.7393599327 
1688.0	1.94792286934e+50	10.7101122019 
1689.0	1.94561676925e+50	10.7087721369 
1690.0	1.95814761343e+50	10.7158624184 
1691.0	1.95461803079e+50	10.677527839 
1692.0	1.95175033481e+50	10.6840873196 
1693.0	1.96478416262e+50	10.7098787977 
1694.0	1.96845070274e+50	10.6994601405 
1695.0	1.96263617662e+50	10.7085812488 
1696.0	1.94595372758e+50	10.7092684936 
1697.0	1.92700651558e+50	10.6582927631 
1698.0	1.92560762212e+50	10.631650962 
1699.0	1.91446256288e+50	10.6433917898 
1700.0	1.90726852113e+50	10.6323565888 
1701.0	1.89912528155e+50	10.5849112401 
1702.0	1.89421965781e+50	10.6063309423 
1703.0	1.89568104083e+50	10.6138596667 
