-100.0	0.0	nan 
-99.0	0.0	nan 
-98.0	0.0	nan 
-97.0	0.0	nan 
-96.0	0.0	nan 
-95.0	0.0	nan 
-94.0	0.0	nan 
-93.0	0.0	nan 
-92.0	0.0	nan 
-91.0	0.0	nan 
-90.0	0.0	nan 
-89.0	0.0	nan 
-88.0	0.0	nan 
-87.0	0.0	nan 
-86.0	0.0	nan 
-85.0	0.0	nan 
-84.0	0.0	nan 
-83.0	0.0	nan 
-82.0	0.0	nan 
-81.0	0.0	nan 
-80.0	0.0	nan 
-79.0	0.0	nan 
-78.0	0.0	nan 
-77.0	0.0	nan 
-76.0	0.0	nan 
-75.0	0.0	nan 
-74.0	0.0	nan 
-73.0	0.0	nan 
-72.0	0.0	nan 
-71.0	0.0	nan 
-70.0	0.0	nan 
-69.0	0.0	nan 
-68.0	0.0	nan 
-67.0	0.0	nan 
-66.0	0.0	nan 
-65.0	0.0	nan 
-64.0	0.0	nan 
-63.0	0.0	nan 
-62.0	0.0	nan 
-61.0	0.0	nan 
-60.0	0.0	nan 
-59.0	0.0	nan 
-58.0	0.0	nan 
-57.0	0.0	nan 
-56.0	0.0	nan 
-55.0	0.0	nan 
-54.0	0.0	nan 
-53.0	0.0	nan 
-52.0	0.0	nan 
-51.0	0.0	nan 
-50.0	0.0	nan 
-49.0	0.0	nan 
-48.0	0.0	nan 
-47.0	0.0	nan 
-46.0	0.0	nan 
-45.0	0.0	nan 
-44.0	0.0	nan 
-43.0	0.0	nan 
-42.0	0.0	nan 
-41.0	0.0	nan 
-40.0	0.0	nan 
-39.0	0.0	nan 
-38.0	0.0	nan 
-37.0	0.0	nan 
-36.0	0.0	nan 
-35.0	0.0	nan 
-34.0	0.0	nan 
-33.0	0.0	nan 
-32.0	0.0	nan 
-31.0	0.0	nan 
-30.0	0.0	nan 
-29.0	0.0	nan 
-28.0	0.0	nan 
-27.0	0.0	nan 
-26.0	0.0	nan 
-25.0	0.0	nan 
-24.0	0.0	nan 
-23.0	0.0	nan 
-22.0	0.0	nan 
-21.0	0.0	nan 
-20.0	0.0	nan 
-19.0	0.0	nan 
-18.0	0.0	nan 
-17.0	0.0	nan 
-16.0	0.0	nan 
-15.0	0.0	nan 
-14.0	0.0	nan 
-13.0	0.0	nan 
-12.0	0.0	nan 
-11.0	0.0	nan 
-10.0	0.0	nan 
-9.0	0.0	nan 
-8.0	0.0	nan 
-7.0	0.0	nan 
-6.0	0.0	nan 
-5.0	0.0	nan 
-4.0	0.0	nan 
-3.0	0.0	nan 
-2.0	0.0	nan 
-1.0	0.0	nan 
0.0	0.0	nan 
1.0	0.0	nan 
2.0	0.0	nan 
3.0	0.0	nan 
4.0	0.0	nan 
5.0	0.0	nan 
6.0	0.0	nan 
7.0	0.0	nan 
8.0	0.0	nan 
9.0	0.0	nan 
10.0	0.0	nan 
11.0	0.0	nan 
12.0	0.0	nan 
13.0	0.0	nan 
14.0	0.0	nan 
15.0	0.0	nan 
16.0	0.0	nan 
17.0	0.0	nan 
18.0	0.0	nan 
19.0	0.0	nan 
20.0	0.0	nan 
21.0	0.0	nan 
22.0	0.0	nan 
23.0	0.0	nan 
24.0	0.0	nan 
25.0	0.0	nan 
26.0	0.0	nan 
27.0	0.0	nan 
28.0	0.0	nan 
29.0	0.0	nan 
30.0	0.0	nan 
31.0	0.0	nan 
32.0	0.0	nan 
33.0	0.0	nan 
34.0	0.0	nan 
35.0	0.0	nan 
36.0	0.0	nan 
37.0	0.0	nan 
38.0	0.0	nan 
39.0	0.0	nan 
40.0	0.0	nan 
41.0	0.0	nan 
42.0	0.0	nan 
43.0	0.0	nan 
44.0	0.0	nan 
45.0	0.0	nan 
46.0	0.0	nan 
47.0	0.0	nan 
48.0	0.0	nan 
49.0	0.0	nan 
50.0	0.0	nan 
51.0	0.0	nan 
52.0	0.0	nan 
53.0	0.0	nan 
54.0	0.0	nan 
55.0	0.0	nan 
56.0	0.0	nan 
57.0	0.0	nan 
58.0	0.0	nan 
59.0	0.0	nan 
60.0	0.0	nan 
61.0	0.0	nan 
62.0	0.0	nan 
63.0	0.0	nan 
64.0	0.0	nan 
65.0	0.0	nan 
66.0	0.0	nan 
67.0	0.0	nan 
68.0	0.0	nan 
69.0	0.0	nan 
70.0	0.0	nan 
71.0	0.0	nan 
72.0	0.0	nan 
73.0	0.0	nan 
74.0	0.0	nan 
75.0	0.0	nan 
76.0	0.0	nan 
77.0	0.0	nan 
78.0	0.0	nan 
79.0	0.0	nan 
80.0	0.0	nan 
81.0	0.0	nan 
82.0	0.0	nan 
83.0	0.0	nan 
84.0	0.0	nan 
85.0	0.0	nan 
86.0	0.0	nan 
87.0	0.0	nan 
88.0	0.0	nan 
89.0	0.0	nan 
90.0	0.0	nan 
91.0	0.0	nan 
92.0	0.0	nan 
93.0	0.0	nan 
94.0	0.0	nan 
95.0	0.0	nan 
96.0	0.0	nan 
97.0	0.0	nan 
98.0	0.0	nan 
99.0	0.0	nan 
100.0	0.0	nan 
101.0	0.0	nan 
102.0	0.0	nan 
103.0	0.0	nan 
104.0	0.0	nan 
105.0	0.0	nan 
106.0	0.0	nan 
107.0	0.0	nan 
108.0	0.0	nan 
109.0	0.0	nan 
110.0	0.0	nan 
111.0	0.0	nan 
112.0	0.0	nan 
113.0	0.0	nan 
114.0	0.0	nan 
115.0	0.0	nan 
116.0	0.0	nan 
117.0	0.0	nan 
118.0	0.0	nan 
119.0	0.0	nan 
120.0	0.0	nan 
121.0	0.0	nan 
122.0	0.0	nan 
123.0	0.0	nan 
124.0	0.0	nan 
125.0	0.0	nan 
126.0	0.0	nan 
127.0	0.0	nan 
128.0	0.0	nan 
129.0	0.0	nan 
130.0	0.0	nan 
131.0	0.0	nan 
132.0	0.0	nan 
133.0	0.0	nan 
134.0	0.0	nan 
135.0	0.0	nan 
136.0	0.0	nan 
137.0	0.0	nan 
138.0	0.0	nan 
139.0	0.0	nan 
140.0	0.0	nan 
141.0	0.0	nan 
142.0	0.0	nan 
143.0	0.0	nan 
144.0	0.0	nan 
145.0	0.0	nan 
146.0	0.0	nan 
147.0	0.0	nan 
148.0	0.0	nan 
149.0	0.0	nan 
150.0	0.0	nan 
151.0	0.0	nan 
152.0	0.0	nan 
153.0	0.0	nan 
154.0	0.0	nan 
155.0	0.0	nan 
156.0	0.0	nan 
157.0	0.0	nan 
158.0	0.0	nan 
159.0	0.0	nan 
160.0	0.0	nan 
161.0	0.0	nan 
162.0	0.0	nan 
163.0	0.0	nan 
164.0	0.0	nan 
165.0	0.0	nan 
166.0	0.0	nan 
167.0	0.0	nan 
168.0	0.0	nan 
169.0	0.0	nan 
170.0	0.0	nan 
171.0	0.0	nan 
172.0	0.0	nan 
173.0	0.0	nan 
174.0	0.0	nan 
175.0	0.0	nan 
176.0	0.0	nan 
177.0	0.0	nan 
178.0	0.0	nan 
179.0	0.0	nan 
180.0	0.0	nan 
181.0	0.0	nan 
182.0	0.0	nan 
183.0	0.0	nan 
184.0	0.0	nan 
185.0	0.0	nan 
186.0	0.0	nan 
187.0	0.0	nan 
188.0	0.0	nan 
189.0	0.0	nan 
190.0	0.0	nan 
191.0	0.0	nan 
192.0	0.0	nan 
193.0	0.0	nan 
194.0	0.0	nan 
195.0	0.0	nan 
196.0	0.0	nan 
197.0	0.0	nan 
198.0	0.0	nan 
199.0	0.0	nan 
200.0	0.0	nan 
201.0	0.0	nan 
202.0	0.0	nan 
203.0	0.0	nan 
204.0	0.0	nan 
205.0	0.0	nan 
206.0	0.0	nan 
207.0	0.0	nan 
208.0	0.0	nan 
209.0	0.0	nan 
210.0	0.0	nan 
211.0	0.0	nan 
212.0	0.0	nan 
213.0	0.0	nan 
214.0	0.0	nan 
215.0	0.0	nan 
216.0	0.0	nan 
217.0	0.0	nan 
218.0	0.0	nan 
219.0	0.0	nan 
220.0	0.0	nan 
221.0	0.0	nan 
222.0	0.0	nan 
223.0	0.0	nan 
224.0	0.0	nan 
225.0	0.0	nan 
226.0	0.0	nan 
227.0	0.0	nan 
228.0	0.0	nan 
229.0	0.0	nan 
230.0	0.0	nan 
231.0	0.0	nan 
232.0	0.0	nan 
233.0	0.0	nan 
234.0	0.0	nan 
235.0	0.0	nan 
236.0	0.0	nan 
237.0	0.0	nan 
238.0	0.0	nan 
239.0	0.0	nan 
240.0	0.0	nan 
241.0	0.0	nan 
242.0	0.0	nan 
243.0	0.0	nan 
244.0	0.0	nan 
245.0	0.0	nan 
246.0	0.0	nan 
247.0	0.0	nan 
248.0	0.0	nan 
249.0	0.0	nan 
250.0	0.0	nan 
251.0	0.0	nan 
252.0	0.0	nan 
253.0	0.0	nan 
254.0	0.0	nan 
255.0	0.0	nan 
256.0	0.0	nan 
257.0	0.0	nan 
258.0	0.0	nan 
259.0	0.0	nan 
260.0	0.0	nan 
261.0	0.0	nan 
262.0	0.0	nan 
263.0	0.0	nan 
264.0	0.0	nan 
265.0	0.0	nan 
266.0	0.0	nan 
267.0	0.0	nan 
268.0	0.0	nan 
269.0	0.0	nan 
270.0	0.0	nan 
271.0	0.0	nan 
272.0	0.0	nan 
273.0	0.0	nan 
274.0	0.0	nan 
275.0	0.0	nan 
276.0	0.0	nan 
277.0	0.0	nan 
278.0	0.0	nan 
279.0	0.0	nan 
280.0	0.0	nan 
281.0	0.0	nan 
282.0	0.0	nan 
283.0	0.0	nan 
284.0	0.0	nan 
285.0	0.0	nan 
286.0	0.0	nan 
287.0	0.0	nan 
288.0	0.0	nan 
289.0	0.0	nan 
290.0	0.0	nan 
291.0	0.0	nan 
292.0	0.0	nan 
293.0	0.0	nan 
294.0	0.0	nan 
295.0	0.0	nan 
296.0	0.0	nan 
297.0	0.0	nan 
298.0	0.0	nan 
299.0	0.0	nan 
300.0	0.0	nan 
301.0	0.0	nan 
302.0	0.0	nan 
303.0	0.0	nan 
304.0	0.0	nan 
305.0	0.0	nan 
306.0	0.0	nan 
307.0	0.0	nan 
308.0	0.0	nan 
309.0	0.0	nan 
310.0	0.0	nan 
311.0	0.0	nan 
312.0	0.0	nan 
313.0	0.0	nan 
314.0	0.0	nan 
315.0	0.0	nan 
316.0	0.0	nan 
317.0	0.0	nan 
318.0	0.0	nan 
319.0	0.0	nan 
320.0	0.0	nan 
321.0	0.0	nan 
322.0	0.0	nan 
323.0	0.0	nan 
324.0	0.0	nan 
325.0	0.0	nan 
326.0	0.0	nan 
327.0	0.0	nan 
328.0	0.0	nan 
329.0	0.0	nan 
330.0	0.0	nan 
331.0	0.0	nan 
332.0	0.0	nan 
333.0	0.0	nan 
334.0	0.0	nan 
335.0	0.0	nan 
336.0	0.0	nan 
337.0	0.0	nan 
338.0	0.0	nan 
339.0	0.0	nan 
340.0	0.0	nan 
341.0	0.0	nan 
342.0	0.0	nan 
343.0	0.0	nan 
344.0	0.0	nan 
345.0	0.0	nan 
346.0	0.0	nan 
347.0	0.0	nan 
348.0	0.0	nan 
349.0	0.0	nan 
350.0	0.0	nan 
351.0	0.0	nan 
352.0	0.0	nan 
353.0	0.0	nan 
354.0	0.0	nan 
355.0	0.0	nan 
356.0	0.0	nan 
357.0	0.0	nan 
358.0	0.0	nan 
359.0	0.0	nan 
360.0	0.0	nan 
361.0	0.0	nan 
362.0	0.0	nan 
363.0	0.0	nan 
364.0	1.13085344961e+50	11.827385783 
365.0	1.67977731521e+50	10.8649064176 
366.0	3.66959355288e+50	14.4801535439 
367.0	4.94083858328e+50	15.5453590177 
368.0	3.81270059213e+50	14.9663418766 
369.0	2.77279774798e+50	14.1714906849 
370.0	3.3070628086e+50	15.1046273727 
371.0	3.06816979456e+50	15.806169334 
372.0	1.96944820217e+50	14.982122787 
373.0	1.21189096389e+50	14.5791835663 
374.0	6.37264531377e+49	14.1790155789 
375.0	5.8784433551e+49	13.3793004638 
376.0	5.93438718088e+49	13.3010296053 
377.0	6.82621625616e+49	13.0795171941 
378.0	1.19453209899e+50	13.7803592763 
379.0	1.88159333277e+50	14.1340822136 
380.0	3.02104075021e+50	14.7546230331 
381.0	5.67289336959e+50	16.0242003971 
382.0	6.21873107864e+50	16.7199516262 
383.0	4.76864398554e+50	17.2478839678 
384.0	4.03082810891e+50	18.1057709534 
385.0	3.84812350522e+50	18.7744262371 
386.0	3.42893021564e+50	18.7218843044 
387.0	3.25815885085e+50	18.2200303081 
388.0	3.32218477327e+50	19.0216052709 
389.0	3.55680303245e+50	19.6117556688 
390.0	3.42519347204e+50	19.2069434049 
391.0	3.10110630138e+50	18.6079006504 
392.0	2.89542959898e+50	18.0194935303 
393.0	2.65678668817e+50	17.115377092 
394.0	3.3537284504e+50	18.7130682972 
395.0	4.563387209e+50	19.8716395618 
396.0	5.75469668446e+50	19.9572521963 
397.0	9.72027521746e+50	22.0782024322 
398.0	9.250805119e+50	20.8972723551 
399.0	8.79596132743e+50	19.7695860642 
400.0	5.6493352718e+50	18.3377675095 
401.0	4.10090139923e+50	18.0220203494 
402.0	4.75903450191e+50	17.4467787996 
403.0	6.15889910925e+50	18.1402807466 
404.0	5.82031710032e+50	17.9875109579 
405.0	5.33470837292e+50	18.3058267149 
406.0	4.34907002823e+50	18.4500974108 
407.0	3.39650994539e+50	19.2060933293 
408.0	2.19685444843e+50	18.7761733097 
409.0	1.85980189913e+50	18.1844030561 
410.0	1.98492670414e+50	18.0085027719 
411.0	2.40819655882e+50	19.7271108334 
412.0	2.87154006654e+50	20.8647245314 
413.0	3.35701917008e+50	21.8420751595 
414.0	3.32228157684e+50	21.3233400984 
415.0	2.54861842436e+50	21.3175551599 
416.0	2.05447699604e+50	20.8111078244 
417.0	1.88096236336e+50	20.523345304 
418.0	1.80269698796e+50	19.493860968 
419.0	1.71034929306e+50	18.246452253 
420.0	1.65791715593e+50	16.9609439887 
421.0	1.78970324419e+50	16.4408139817 
422.0	2.18754787441e+50	16.6856528751 
423.0	2.60311503879e+50	16.7823356595 
424.0	2.94643605785e+50	17.366907037 
425.0	2.54719199035e+50	18.3850698537 
426.0	2.72730404395e+50	20.0914145102 
427.0	2.59711781753e+50	18.5971548679 
428.0	2.27442595018e+50	17.9134711076 
429.0	2.25050443878e+50	17.5144131106 
430.0	2.44888755047e+50	17.4057668977 
431.0	2.53384837155e+50	18.0876357814 
432.0	2.52082066341e+50	18.4586765145 
433.0	2.43466429815e+50	18.6321686467 
434.0	2.10060720855e+50	18.7686797705 
435.0	1.97779494161e+50	19.0712828792 
436.0	2.09945853628e+50	19.0281944134 
437.0	1.85553011012e+50	18.5306335918 
438.0	1.73872228777e+50	18.2440153956 
439.0	1.88282941672e+50	17.507325339 
440.0	2.01894866054e+50	17.1030254667 
441.0	2.29867959211e+50	16.9055722439 
442.0	2.59699628241e+50	17.3510086933 
443.0	3.5726638703e+50	16.8699769772 
444.0	3.82886383118e+50	17.1244005267 
445.0	3.35984832648e+50	17.2603418677 
446.0	2.94330027891e+50	17.1949436398 
447.0	2.44860270516e+50	17.3009010174 
448.0	2.16517888448e+50	17.3458207142 
449.0	1.99204610527e+50	17.1047390336 
450.0	1.7809285537e+50	16.5652170909 
451.0	1.45639483788e+50	17.7022423772 
452.0	1.35531630033e+50	18.0209945158 
453.0	1.34194342971e+50	17.8571621071 
454.0	1.34967038637e+50	17.73251744 
455.0	1.40351125738e+50	17.737743862 
456.0	1.5090026381e+50	17.5569042177 
457.0	1.54483143838e+50	17.8275880079 
458.0	1.6955355626e+50	17.6853166982 
459.0	1.78968250057e+50	17.9160591536 
460.0	1.72782401089e+50	18.2224527551 
461.0	1.93410817351e+50	17.2786334506 
462.0	1.94083029276e+50	18.4904451295 
463.0	1.80253400364e+50	18.5864752841 
464.0	1.81898768316e+50	18.2759234708 
465.0	1.8438972835e+50	18.1734203848 
466.0	1.86771660261e+50	18.0731268172 
467.0	1.88444264562e+50	18.0206081299 
468.0	1.95560678187e+50	17.8415542369 
469.0	2.03164073589e+50	17.6382508414 
470.0	2.07472604972e+50	17.5441495513 
471.0	2.16685778639e+50	17.5196410273 
472.0	2.15405641964e+50	17.5795366216 
473.0	2.17190957437e+50	17.4135798673 
474.0	2.14537917177e+50	17.4297898525 
475.0	2.12467672213e+50	17.4635219691 
476.0	2.1199960585e+50	17.510351202 
477.0	2.14505650876e+50	17.4927414489 
478.0	2.18181676301e+50	17.4597947161 
479.0	2.26829757659e+50	17.3931938201 
480.0	2.38261082644e+50	17.4177886186 
481.0	2.56479390299e+50	17.4261779192 
482.0	2.7485285689e+50	17.5534750466 
483.0	2.94846649266e+50	17.6515553505 
484.0	3.13189239547e+50	17.8251126064 
485.0	3.30128840081e+50	17.9011657124 
486.0	3.43829223383e+50	17.8197352609 
487.0	3.49727544048e+50	17.6770349161 
488.0	3.47571600828e+50	17.547107525 
489.0	3.43657779938e+50	17.4711928084 
490.0	3.31867039383e+50	17.4626845824 
491.0	3.18822693483e+50	17.5333013397 
492.0	3.02753254343e+50	17.6503176573 
493.0	2.81903321803e+50	17.7188007974 
494.0	2.62119045787e+50	17.8798136343 
495.0	2.44952921014e+50	18.1525753077 
496.0	2.29016229272e+50	18.4557401723 
497.0	2.12715630631e+50	18.8765650878 
498.0	1.88262256457e+50	19.6743734306 
499.0	1.7162606208e+50	20.4625120728 
500.0	1.64407321651e+50	20.9287854513 
501.0	1.61250074902e+50	21.317603179 
502.0	1.66715472036e+50	21.0322787008 
503.0	1.76556488292e+50	20.8198184491 
504.0	2.02741768296e+50	20.3376710059 
505.0	2.22901994521e+50	20.3942051465 
506.0	2.38569049376e+50	20.2321689006 
507.0	2.36157435476e+50	20.3932790677 
508.0	2.29418098911e+50	20.3968366002 
509.0	2.11268207252e+50	21.2636512507 
510.0	2.06554280501e+50	21.4952834112 
511.0	2.05101181409e+50	21.364575181 
512.0	2.05046486686e+50	21.5797170811 
513.0	2.1418648026e+50	21.3674413324 
514.0	2.22693495922e+50	21.0422225521 
515.0	2.23749042363e+50	21.1701051011 
516.0	2.22049490129e+50	21.3336525021 
517.0	2.09684703576e+50	21.7936320437 
518.0	1.93151354254e+50	22.3477729574 
519.0	1.80011910577e+50	22.8291964274 
520.0	1.68168474011e+50	23.2066324025 
521.0	1.58907617236e+50	23.430925441 
522.0	1.48620820286e+50	23.6146341378 
523.0	1.40300464807e+50	23.6993655194 
524.0	1.32313405344e+50	23.6795605973 
525.0	1.27134142204e+50	23.360460956 
526.0	1.23946713375e+50	22.9767715495 
527.0	1.21639520322e+50	22.5211146888 
528.0	1.25236701223e+50	22.0821716228 
529.0	1.2490582767e+50	21.7016044511 
530.0	1.27084208935e+50	21.3869873022 
531.0	1.29557962443e+50	20.9920256716 
532.0	1.30656273976e+50	20.4848713326 
533.0	1.28146452182e+50	20.3358381804 
534.0	1.23733924354e+50	20.0607913236 
535.0	1.21078582231e+50	19.8525089702 
536.0	1.1413819626e+50	19.9864625681 
537.0	1.09173904818e+50	20.0467696144 
538.0	1.13940004832e+50	19.669744429 
539.0	1.12986509441e+50	19.4898903348 
540.0	1.11178540657e+50	19.26140311 
541.0	1.12015521971e+50	19.4550182242 
542.0	1.17290626102e+50	19.1151944507 
543.0	1.15995838862e+50	18.8841404258 
544.0	1.15729406213e+50	18.8947782741 
545.0	1.19655344213e+50	18.5616188174 
546.0	1.25006606645e+50	18.716199585 
547.0	1.33232419773e+50	18.7059457319 
548.0	1.39168673222e+50	18.327637426 
549.0	1.39151803432e+50	18.3320015059 
550.0	1.48931104065e+50	18.3284794955 
551.0	1.59924619393e+50	18.6260896063 
552.0	1.78690248853e+50	18.6186587974 
553.0	1.98676241439e+50	19.1017540983 
554.0	2.06213493619e+50	19.4170868362 
555.0	2.23015213682e+50	19.0151141901 
556.0	2.41452228167e+50	18.2799916612 
557.0	2.42297858032e+50	17.826922272 
558.0	2.33030663421e+50	17.4166800136 
559.0	2.29188344646e+50	17.3551490281 
560.0	2.17287334565e+50	17.2526169743 
561.0	2.20924670668e+50	17.0388336759 
562.0	2.21273562589e+50	17.1888086022 
563.0	2.12219469153e+50	17.1376374117 
564.0	1.94790937155e+50	17.2808428018 
565.0	1.78502609285e+50	17.4069228845 
566.0	1.56130839977e+50	17.5589782575 
567.0	1.50543163426e+50	18.1593591638 
568.0	1.51699771575e+50	18.0197759198 
569.0	1.52388383819e+50	18.3459042131 
570.0	1.5431670626e+50	17.6763348681 
571.0	1.44303405071e+50	16.8398067693 
572.0	1.41788079641e+50	17.1876975054 
573.0	1.60310840089e+50	17.4520808383 
574.0	1.67415316015e+50	17.2263540294 
575.0	1.62982002567e+50	17.4551871178 
576.0	1.53823969265e+50	18.1990171428 
577.0	1.6707329158e+50	18.3430603092 
578.0	1.64535286094e+50	18.1033959969 
579.0	1.5116709897e+50	17.9795794488 
580.0	1.44482394511e+50	18.3179289977 
581.0	1.43562348574e+50	18.1616616835 
582.0	1.47983464323e+50	18.0836611388 
583.0	1.4727124984e+50	18.5481040315 
584.0	1.49438455849e+50	18.7507288213 
585.0	1.47217265885e+50	18.8199214954 
586.0	1.47141515104e+50	18.982429168 
587.0	1.49491618993e+50	18.9409256258 
588.0	1.49286819298e+50	18.7665655399 
589.0	1.43307138247e+50	18.834527264 
590.0	1.42223868348e+50	18.6770017182 
591.0	1.32243591526e+50	19.1203432021 
592.0	1.20980228297e+50	19.3946385922 
593.0	1.14911319505e+50	18.8338362802 
594.0	1.10503786364e+50	18.9999548462 
595.0	1.10556404312e+50	19.3725211473 
596.0	1.08362342345e+50	19.7037342962 
597.0	1.07629320629e+50	19.9449550388 
598.0	1.09211809804e+50	20.2392253261 
599.0	1.07791183347e+50	20.817848042 
600.0	1.09495708032e+50	20.8397263323 
601.0	1.12505008688e+50	20.9078442609 
602.0	1.14404539559e+50	21.038719648 
603.0	1.19258936831e+50	20.8526542877 
604.0	1.25223765698e+50	20.8646188999 
605.0	1.26752485934e+50	21.3390994976 
606.0	1.27187807432e+50	21.7232188774 
607.0	1.29761923179e+50	21.7891893749 
608.0	1.32053841631e+50	21.8421216492 
609.0	1.34343883371e+50	21.853968739 
610.0	1.35567996269e+50	21.9407630963 
611.0	1.36902994333e+50	22.0054224457 
612.0	1.37697063626e+50	22.0919357447 
613.0	1.37739590196e+50	22.2323993277 
614.0	1.37989926936e+50	22.3499698519 
615.0	1.3768905251e+50	22.4593100127 
616.0	1.36441522045e+50	22.606607878 
617.0	1.3558767654e+50	22.6562759643 
618.0	1.35214811808e+50	22.6421445956 
619.0	1.34146558441e+50	22.6697050595 
620.0	1.33002163592e+50	22.6672493716 
621.0	1.31801109948e+50	22.6481633559 
622.0	1.31053080901e+50	22.6394250836 
623.0	1.31417141696e+50	22.5351573126 
624.0	1.31695092652e+50	22.5119400349 
625.0	1.32270074831e+50	22.4717023821 
626.0	1.33276824462e+50	22.4209181503 
627.0	1.34232189219e+50	22.3686424961 
628.0	1.35019684482e+50	22.2914910464 
629.0	1.36264198301e+50	22.2143006368 
630.0	1.37179546716e+50	22.1156947033 
631.0	1.39410381274e+50	21.9738182469 
632.0	1.41684407913e+50	21.9225741313 
633.0	1.44097028897e+50	21.8458652737 
634.0	1.46897215199e+50	21.7630787367 
635.0	1.49666792547e+50	21.7365241041 
636.0	1.520847258e+50	21.7037216289 
637.0	1.54031033649e+50	21.6933077968 
638.0	1.5533933164e+50	21.6686913866 
639.0	1.56572407844e+50	21.6254562588 
640.0	1.56929815718e+50	21.5800814032 
641.0	1.56754340913e+50	21.5256931324 
642.0	1.56155932889e+50	21.476166479 
643.0	1.5583383131e+50	21.3858436727 
644.0	1.55370239665e+50	21.3478458032 
645.0	1.5470796861e+50	21.2990245811 
646.0	1.54077820702e+50	21.1875084783 
647.0	1.53134334743e+50	21.1034554903 
648.0	1.51890828875e+50	21.0096695158 
649.0	1.50541051607e+50	20.9123028078 
650.0	1.49607891875e+50	20.8411534133 
651.0	1.48653455066e+50	20.8118304311 
652.0	1.47937821338e+50	20.7746550846 
653.0	1.47812010233e+50	20.7104808174 
654.0	1.47804346285e+50	20.6677893516 
655.0	1.47973970181e+50	20.6436165038 
656.0	1.48483810335e+50	20.6078628468 
657.0	1.4853079704e+50	20.5942538083 
658.0	1.48591805278e+50	20.5631657099 
659.0	1.48707297004e+50	20.4872214771 
660.0	1.4844663335e+50	20.4544740825 
661.0	1.48231590811e+50	20.4307975059 
662.0	1.48566737116e+50	20.3623237467 
663.0	1.48238528204e+50	20.3268738236 
664.0	1.47677865817e+50	20.3199984674 
665.0	1.46805801403e+50	20.321565967 
666.0	1.46066269878e+50	20.2997369138 
667.0	1.44344727921e+50	20.3163829155 
668.0	1.42983559629e+50	20.3167629631 
669.0	1.4220311163e+50	20.2908997276 
670.0	1.41867135322e+50	20.2214364785 
671.0	1.41693486401e+50	20.1338900171 
672.0	1.41564163942e+50	20.0316685685 
673.0	1.4175946823e+50	19.9382882984 
674.0	1.4226052694e+50	19.8346747228 
675.0	1.43171376895e+50	19.7229065154 
676.0	1.45045779562e+50	19.6206605586 
677.0	1.45045779562e+50	19.6206605586 
678.0	1.46909416481e+50	19.5516349027 
679.0	1.4849542269e+50	19.4511118447 
680.0	1.49384397736e+50	19.3048143004 
681.0	1.50182320536e+50	19.2604474316 
682.0	1.51073360321e+50	19.2163885074 
683.0	1.5191943121e+50	19.1744499892 
684.0	1.51934609832e+50	19.1550661961 
685.0	1.52220418023e+50	19.0976307263 
686.0	1.52278575582e+50	19.0929267964 
687.0	1.52672676049e+50	19.0734229172 
688.0	1.5258108923e+50	19.0842315836 
689.0	1.52468058346e+50	19.052722978 
690.0	1.52012651456e+50	19.0510497501 
691.0	1.51216736119e+50	19.0405562728 
692.0	1.50030085307e+50	19.0455353624 
693.0	1.48673643941e+50	19.0263245019 
694.0	1.47250852239e+50	19.0347102793 
695.0	1.46483093209e+50	19.0118288359 
696.0	1.45152531592e+50	19.032620319 
697.0	1.44411169987e+50	19.0011782805 
698.0	1.43957439281e+50	18.9816481839 
699.0	1.42977724096e+50	18.9826150722 
700.0	1.42293878164e+50	18.966332799 
701.0	1.42070747193e+50	18.9322518445 
702.0	1.42078927018e+50	18.8769779944 
703.0	1.41858767694e+50	18.842240114 
704.0	1.42423795347e+50	18.7694343625 
705.0	1.4284810919e+50	18.7179579237 
706.0	1.43571424907e+50	18.6526679062 
707.0	1.44782235561e+50	18.5548932252 
708.0	1.45350198284e+50	18.5129510342 
709.0	1.46108352918e+50	18.4398092456 
710.0	1.46854558378e+50	18.4423357034 
711.0	1.471760559e+50	18.4611458412 
712.0	1.46654314546e+50	18.44868565 
713.0	1.4659557766e+50	18.4267889927 
714.0	1.45978467612e+50	18.4237065904 
715.0	1.449047153e+50	18.4827372092 
716.0	1.43923078694e+50	18.5222221409 
717.0	1.42885272926e+50	18.5687105944 
718.0	1.42190071889e+50	18.5666313624 
719.0	1.41127551285e+50	18.5631590543 
720.0	1.40334229902e+50	18.559836776 
721.0	1.39736379431e+50	18.5039487135 
722.0	1.39438312007e+50	18.4525377793 
723.0	1.39003897948e+50	18.4172031031 
724.0	1.38606362234e+50	18.3632404365 
725.0	1.38081958381e+50	18.3594201907 
726.0	1.37704781543e+50	18.3094682589 
727.0	1.36968624824e+50	18.3037147665 
728.0	1.35904524268e+50	18.3090749042 
729.0	1.35020129881e+50	18.2926094134 
730.0	1.34364417783e+50	18.2789445198 
731.0	1.33525412574e+50	18.2642891162 
732.0	1.32740926196e+50	18.256531708 
733.0	1.32035621767e+50	18.2558856297 
734.0	1.31445949768e+50	18.2035062766 
735.0	1.30650021622e+50	18.2159601196 
736.0	1.29557059672e+50	18.1717532159 
737.0	1.28683401878e+50	18.1595025092 
738.0	1.2802141094e+50	18.1623359501 
739.0	1.26667755336e+50	18.1313172646 
740.0	1.26251667557e+50	18.1106863233 
741.0	1.25499662408e+50	18.1014229209 
742.0	1.24791713911e+50	18.0932223632 
743.0	1.24983858209e+50	18.0723432882 
744.0	1.24087265434e+50	18.0210449535 
745.0	1.22893636676e+50	17.9883328128 
746.0	1.22243425628e+50	17.9086286938 
747.0	1.22058220586e+50	17.8137504865 
748.0	1.21038301165e+50	17.7796346179 
749.0	1.19602907022e+50	17.6240638179 
750.0	1.20081001924e+50	17.4802883993 
751.0	1.21102666473e+50	17.3163983696 
752.0	1.22350355001e+50	17.197535341 
753.0	1.2182976402e+50	17.1766443704 
754.0	1.21794378769e+50	17.1332013565 
755.0	1.21194346959e+50	17.0715334134 
756.0	1.22589336242e+50	17.0398384366 
757.0	1.22803349517e+50	17.0212225961 
758.0	1.22421437698e+50	16.9803188365 
759.0	1.22240808363e+50	16.9312708658 
760.0	1.22660395459e+50	16.842571488 
761.0	1.23236228247e+50	16.751510861 
762.0	1.24178982116e+50	16.6870316181 
763.0	1.25112296993e+50	16.6635285627 
764.0	1.25937114629e+50	16.6177701589 
765.0	1.26803670034e+50	16.5444953018 
766.0	1.26764782328e+50	16.5081756618 
767.0	1.27306828434e+50	16.4730462465 
768.0	1.26775364996e+50	16.4345236158 
769.0	1.26963261678e+50	16.3955941594 
770.0	1.26341818805e+50	16.3803160441 
771.0	1.25169902543e+50	16.3497381537 
772.0	1.23648861832e+50	16.3209734953 
773.0	1.21410654943e+50	16.2909663134 
774.0	1.20144129778e+50	16.2185843935 
775.0	1.17831954785e+50	16.1337412212 
776.0	1.16846432236e+50	16.050875277 
777.0	1.15956235803e+50	15.9744592795 
778.0	1.15298672552e+50	15.8735389202 
779.0	1.14955148244e+50	15.7870990107 
780.0	1.13686450192e+50	15.7292780693 
781.0	1.13282394804e+50	15.6760109427 
782.0	1.12526719186e+50	15.563420726 
783.0	1.1229232779e+50	15.480834403 
784.0	1.11650424932e+50	15.4503416369 
785.0	1.11084955509e+50	15.3859168719 
786.0	1.10926348998e+50	15.3682337357 
787.0	1.10099159427e+50	15.3600200193 
788.0	1.09800465983e+50	15.3302610297 
789.0	1.0858072216e+50	15.3490841879 
790.0	1.07439157104e+50	15.3871395297 
791.0	1.06362663425e+50	15.4465087911 
792.0	1.04978228338e+50	15.4979659218 
793.0	1.03556764075e+50	15.5785156031 
794.0	1.01821034176e+50	15.6424883301 
795.0	1.00219363537e+50	15.6476089841 
796.0	9.94925946399e+49	15.6168846784 
797.0	9.81444414657e+49	15.5534999217 
798.0	9.67097175601e+49	15.5381819902 
799.0	9.55402165085e+49	15.4551460244 
800.0	9.6067535272e+49	15.3333800399 
801.0	9.7668123245e+49	15.2109810062 
802.0	9.87208583468e+49	15.0904757015 
803.0	9.93492889911e+49	14.9931890378 
804.0	9.97028444489e+49	14.9011820275 
805.0	9.95146780864e+49	14.8509848283 
806.0	9.93492889911e+49	14.9931890378 
807.0	9.97028444489e+49	14.9011820275 
808.0	9.95146780864e+49	14.8509848283 
809.0	9.91017727791e+49	14.8324548353 
810.0	9.90356285394e+49	14.7785038804 
811.0	9.930196674e+49	14.6781995578 
812.0	9.9759975929e+49	14.6347012907 
813.0	9.97709725599e+49	14.660194733 
814.0	9.91399115595e+49	14.6709913203 
815.0	9.84128642821e+49	14.6036603361 
816.0	9.81311576866e+49	14.5898798814 
817.0	9.85495895309e+49	14.5792604804 
818.0	9.80020568246e+49	14.526735285 
819.0	9.74123609195e+49	14.4097705958 
820.0	9.70804674731e+49	14.3337530981 
821.0	9.70085177003e+49	14.3040504311 
822.0	9.58436272008e+49	14.2773301528 
823.0	9.50065097651e+49	14.2443055285 
824.0	9.51251835916e+49	14.1595751418 
825.0	9.49786176369e+49	14.1344157376 
826.0	9.44322813531e+49	14.0810459374 
827.0	9.36612499158e+49	14.0168480201 
828.0	9.2836909533e+49	14.0044940396 
829.0	9.23917595074e+49	13.9259630658 
830.0	9.1889234688e+49	13.901351879 
831.0	9.18924934352e+49	13.847612553 
832.0	9.11936712292e+49	13.8565732935 
833.0	9.07920974261e+49	13.8160728723 
834.0	8.9171861616e+49	13.8208397252 
835.0	8.833297581e+49	13.8011408566 
836.0	8.70285242486e+49	13.7836235624 
837.0	8.59633810845e+49	13.7651536786 
838.0	8.54358735807e+49	13.7114382738 
839.0	8.42814667979e+49	13.6973123815 
840.0	8.40051536732e+49	13.6288919714 
841.0	8.33468518637e+49	13.5737877492 
842.0	8.26275938153e+49	13.5781859029 
843.0	8.25381923416e+49	13.522339979 
844.0	8.19163589551e+49	13.4705472408 
845.0	8.222175431e+49	13.374384959 
846.0	8.24812827562e+49	13.3356422165 
847.0	8.22781871128e+49	13.3266755677 
848.0	8.19105599088e+49	13.3038248952 
849.0	8.23277394353e+49	13.1219317685 
850.0	8.24832315787e+49	13.004108522 
851.0	8.25110323645e+49	13.0105591364 
852.0	8.20294794449e+49	13.0539859155 
853.0	8.17070689431e+49	13.0363393072 
854.0	8.22732562761e+49	12.9369648861 
855.0	8.34904875448e+49	12.8699326685 
856.0	8.42963831522e+49	12.9316982549 
857.0	8.38711152883e+49	12.9880383757 
858.0	8.29350689356e+49	12.965904743 
859.0	8.34052804331e+49	12.9311743217 
860.0	8.5073968055e+49	12.8950217708 
861.0	8.52453549148e+49	12.8736611585 
862.0	8.56144939993e+49	12.7742511763 
863.0	8.52510558042e+49	12.6509846781 
864.0	8.44170607714e+49	12.5862869853 
865.0	8.35066978848e+49	12.5717574704 
866.0	8.37664817363e+49	12.4991001376 
867.0	8.5279484282e+49	12.4076457213 
868.0	8.63242379752e+49	12.4317001278 
869.0	8.60459138896e+49	12.4615162049 
870.0	8.46367439289e+49	12.4914491737 
871.0	8.32920029617e+49	12.5013534937 
872.0	8.27192514656e+49	12.5032552386 
873.0	8.21855417817e+49	12.4928482992 
874.0	8.19228176852e+49	12.4872170236 
875.0	8.1291374834e+49	12.486756991 
876.0	8.11517634573e+49	12.459630428 
877.0	8.06991496065e+49	12.4439435761 
878.0	8.0381033212e+49	12.4325253095 
879.0	7.98830264141e+49	12.4049903684 
880.0	7.94671005701e+49	12.3793861674 
881.0	7.90865305012e+49	12.3449514907 
882.0	7.87384231202e+49	12.3236550118 
883.0	7.81904175905e+49	12.294997889 
884.0	7.79162945686e+49	12.2629123365 
885.0	7.73663607798e+49	12.2458595924 
886.0	7.69274489815e+49	12.216402421 
887.0	7.67654821949e+49	12.1759998321 
888.0	7.68511162454e+49	12.138754954 
889.0	7.62606845027e+49	12.1276266566 
890.0	7.61022191814e+49	12.0822974109 
891.0	7.5570920809e+49	12.0620746878 
892.0	7.50378132683e+49	12.0479720096 
893.0	7.45822009949e+49	12.0172604156 
894.0	7.43687194881e+49	11.9908615007 
895.0	7.36673907738e+49	11.9705096188 
896.0	7.31226308171e+49	11.9492929658 
897.0	7.26493932075e+49	11.9347570703 
898.0	7.23788808944e+49	11.8828405998 
899.0	7.16907124616e+49	11.8764085827 
900.0	7.11351374285e+49	11.842029993 
901.0	7.06550839698e+49	11.8204827054 
902.0	7.00483581949e+49	11.7814986652 
903.0	6.93069562801e+49	11.7730255417 
904.0	6.8810047153e+49	11.7458972672 
905.0	6.8283677802e+49	11.7138996574 
906.0	6.76768599828e+49	11.6961449455 
907.0	6.69465456427e+49	11.6815785153 
908.0	6.64178027404e+49	11.6549898123 
909.0	6.58392739525e+49	11.6487011613 
910.0	6.51241394056e+49	11.6434251943 
911.0	6.44176202259e+49	11.631643249 
912.0	6.39014853263e+49	11.6142843845 
913.0	6.32859584246e+49	11.5969499319 
914.0	6.27283018793e+49	11.5827596865 
915.0	6.19762826082e+49	11.5815204363 
916.0	6.14046435919e+49	11.5644395088 
917.0	6.07885963816e+49	11.5608807366 
918.0	6.01727080793e+49	11.5612768434 
919.0	5.96784053301e+49	11.5520301572 
920.0	5.90976626732e+49	11.5414184057 
921.0	5.85413357947e+49	11.5402210409 
922.0	5.80871597219e+49	11.5225547767 
923.0	5.75481878823e+49	11.529307536 
924.0	5.70333665202e+49	11.5221764602 
925.0	5.65932468058e+49	11.5137845264 
926.0	5.59792820368e+49	11.5264189887 
927.0	5.54104477065e+49	11.5197029283 
928.0	5.48338402016e+49	11.5206554657 
929.0	5.4412861603e+49	11.5161312674 
930.0	5.38235961556e+49	11.5322251421 
931.0	5.31179048731e+49	11.5472635198 
932.0	5.25477897733e+49	11.5535881604 
933.0	5.21717367686e+49	11.5407978127 
934.0	5.18625633327e+49	11.5457693118 
935.0	5.13663544015e+49	11.5589090428 
936.0	5.09325745959e+49	11.5708298949 
937.0	5.04957856613e+49	11.5853803583 
938.0	4.99020518248e+49	11.6061072394 
939.0	4.93647945026e+49	11.6154429937 
940.0	4.92683971075e+49	11.5894851987 
941.0	4.88201055681e+49	11.6019638281 
942.0	4.83787109499e+49	11.6043147628 
943.0	4.79542496948e+49	11.6162819957 
944.0	4.74748096385e+49	11.6118213287 
945.0	4.72175142859e+49	11.5854332077 
946.0	4.69652632472e+49	11.5546586227 
947.0	4.6457136517e+49	11.5555987341 
948.0	4.62156299951e+49	11.5234804343 
949.0	4.57902550435e+49	11.5057622191 
950.0	4.58214717589e+49	11.4548059505 
951.0	4.56931941157e+49	11.4288812393 
952.0	4.5249675082e+49	11.4338700792 
953.0	4.45375581736e+49	11.4599958163 
954.0	4.39306116738e+49	11.4718377456 
955.0	4.35105079516e+49	11.4856852311 
956.0	4.27341831621e+49	11.5442310816 
957.0	4.19482854929e+49	11.6209754334 
958.0	4.13477484036e+49	11.6430689527 
959.0	4.09675093441e+49	11.6617268021 
960.0	4.07581044166e+49	11.6612600737 
961.0	4.04032372163e+49	11.6823803921 
962.0	4.00731164701e+49	11.7078989637 
963.0	3.95781291874e+49	11.7471969838 
964.0	3.93231642194e+49	11.7891406183 
965.0	3.88752593829e+49	11.8384183218 
966.0	3.84679872612e+49	11.9220192941 
967.0	3.80976740843e+49	11.9783464117 
968.0	3.78732145867e+49	12.0330204594 
969.0	3.74886562916e+49	12.084031806 
970.0	3.73746337454e+49	12.1051213355 
971.0	3.72865575005e+49	12.1271806324 
972.0	3.69244595137e+49	12.1469087236 
973.0	3.67409859988e+49	12.1802175195 
974.0	3.62442437315e+49	12.2280629289 
975.0	3.58946456372e+49	12.2424046931 
976.0	3.56868239748e+49	12.2592028015 
977.0	3.53222240591e+49	12.2889349576 
978.0	3.49140297326e+49	12.3376065706 
979.0	3.46862752054e+49	12.3677435922 
980.0	3.4119459024e+49	12.4627173009 
981.0	3.36131492689e+49	12.5506296368 
982.0	3.31185838652e+49	12.6416264647 
983.0	3.25990214179e+49	12.7355207298 
984.0	3.20106807902e+49	12.8265989377 
985.0	3.13526366126e+49	12.9436296909 
986.0	3.1206584782e+49	12.9475150647 
987.0	3.11136866868e+49	12.9260754562 
988.0	3.08970125305e+49	12.9349818629 
989.0	3.06910252093e+49	12.9269892847 
990.0	3.0508088807e+49	12.936389705 
991.0	3.02951674022e+49	12.9504967741 
992.0	3.02773771763e+49	12.9218830557 
993.0	3.0047007338e+49	12.9275322977 
994.0	2.98794007564e+49	12.9364067209 
995.0	2.96366214011e+49	12.9375584463 
996.0	2.93904776759e+49	12.9657238469 
997.0	2.93563992057e+49	12.9423759569 
998.0	2.91624825149e+49	12.9337394972 
999.0	2.89189501482e+49	12.9601015694 
1000.0	2.87064325019e+49	12.998883109 
1001.0	2.85115031261e+49	12.987727365 
1002.0	2.84566819271e+49	12.9524127823 
1003.0	2.82559167598e+49	12.9815338442 
1004.0	2.8036039455e+49	12.9885202253 
1005.0	2.7815746615e+49	12.9973213457 
1006.0	2.75894934303e+49	12.9948820776 
1007.0	2.74658539023e+49	12.9976616511 
1008.0	2.74102779012e+49	12.9957313013 
1009.0	2.72118561384e+49	13.0279092474 
1010.0	2.69507598085e+49	13.0160074854 
1011.0	2.68726160948e+49	12.9980766973 
1012.0	2.67604240178e+49	13.0123596426 
1013.0	2.65770870814e+49	13.0456398314 
1014.0	2.63580067516e+49	13.0130197885 
1015.0	2.64790454937e+49	12.9684747227 
1016.0	2.64071731467e+49	13.0179334508 
1017.0	2.61887635476e+49	13.0173553049 
1018.0	2.60077541814e+49	13.0139908572 
1019.0	2.59207584798e+49	13.029131681 
1020.0	2.5853729978e+49	13.0235670378 
1021.0	2.57458560398e+49	12.9978000267 
1022.0	2.55799137433e+49	13.0441973132 
1023.0	2.53949385602e+49	13.0444726416 
1024.0	2.52295475362e+49	13.0312859225 
1025.0	2.52763321729e+49	13.0231558981 
1026.0	2.51494565811e+49	13.0282377708 
1027.0	2.49665475225e+49	13.0564972964 
1028.0	2.48452677101e+49	13.050154228 
1029.0	2.46909221607e+49	13.0789964919 
1030.0	2.46730919436e+49	13.0921582024 
1031.0	2.45708187419e+49	13.0840307018 
1032.0	2.44808722115e+49	13.0797589809 
1033.0	2.43762079109e+49	13.1116027549 
1034.0	2.43712718637e+49	13.1161755678 
1035.0	2.43842582754e+49	13.0416640912 
1036.0	2.44258939041e+49	13.0236660071 
1037.0	2.42863247965e+49	13.0354966021 
1038.0	2.41904120272e+49	13.0224240346 
1039.0	2.42087362908e+49	13.0043552262 
1040.0	2.41676667502e+49	13.0326460998 
1041.0	2.43228627244e+49	12.9743655684 
1042.0	2.42325309211e+49	12.9778815098 
1043.0	2.41232262696e+49	12.960382209 
1044.0	2.41157964073e+49	12.983073034 
1045.0	2.4135636428e+49	12.9882316764 
1046.0	2.41207751063e+49	12.9295033424 
1047.0	2.42810987333e+49	12.906840796 
1048.0	2.42414323456e+49	12.8912893231 
1049.0	2.42207473593e+49	12.8741986928 
1050.0	2.41899379994e+49	12.8529849481 
1051.0	2.42105469673e+49	12.8796719926 
1052.0	2.42284526829e+49	12.8400286299 
1053.0	2.43742170653e+49	12.7708387275 
1054.0	2.44218241067e+49	12.7889753215 
1055.0	2.43920590197e+49	12.740744896 
1056.0	2.43290629229e+49	12.7641993175 
1057.0	2.43950598913e+49	12.745663761 
1058.0	2.43230004258e+49	12.7169152639 
1059.0	2.43397748552e+49	12.7484675148 
1060.0	2.42782585132e+49	12.6993440084 
1061.0	2.42683658111e+49	12.6836441692 
1062.0	2.43732088566e+49	12.6965295851 
1063.0	2.42214830765e+49	12.6655212148 
1064.0	2.41795027513e+49	12.647792719 
1065.0	2.41456545396e+49	12.6619711662 
1066.0	2.40649962944e+49	12.6331962962 
1067.0	2.40083477095e+49	12.6226140022 
1068.0	2.39446734581e+49	12.635513561 
1069.0	2.3923490108e+49	12.6175796093 
1070.0	2.3783950767e+49	12.5591608878 
1071.0	2.37463165982e+49	12.591641761 
1072.0	2.38397385412e+49	12.5606981611 
1073.0	2.35698933709e+49	12.5473674659 
1074.0	2.357457803e+49	12.5458722042 
1075.0	2.36630060474e+49	12.5238425744 
1076.0	2.34194832419e+49	12.4882933672 
1077.0	2.34217131749e+49	12.5174381837 
1078.0	2.34377093746e+49	12.5049183831 
1079.0	2.32344369547e+49	12.461135582 
1080.0	2.32725536715e+49	12.5152604517 
1081.0	2.3241094088e+49	12.4691582511 
1082.0	2.31702384464e+49	12.4099526586 
1083.0	2.32140464258e+49	12.4182467214 
1084.0	2.31446376777e+49	12.4253490268 
1085.0	2.3123624374e+49	12.3627030272 
1086.0	2.31650782508e+49	12.379970174 
1087.0	2.32317631105e+49	12.3385381125 
1088.0	2.32999376239e+49	12.3378440938 
1089.0	2.32591118044e+49	12.2640007923 
1090.0	2.33435735839e+49	12.2969850753 
1091.0	2.33437135487e+49	12.2862233609 
1092.0	2.32965002274e+49	12.2298563837 
1093.0	2.35545928428e+49	12.2075526007 
1094.0	2.35593004212e+49	12.1904163713 
1095.0	2.35643846281e+49	12.13633609 
1096.0	2.37003650699e+49	12.1620982627 
1097.0	2.35996770417e+49	12.137959086 
1098.0	2.35199880134e+49	12.0934189393 
1099.0	2.36406830586e+49	12.1248335812 
1100.0	2.35521708394e+49	12.1021630392 
1101.0	2.35194982284e+49	12.0464301876 
1102.0	2.3657595604e+49	12.0452873893 
1103.0	2.36759869853e+49	11.9624710301 
1104.0	2.35856615022e+49	11.9559753669 
1105.0	2.35951090733e+49	11.9541561931 
1106.0	2.35284543037e+49	11.9172238416 
1107.0	2.35250997971e+49	11.8942128011 
1108.0	2.34812002632e+49	11.8952784441 
1109.0	2.3391222307e+49	11.8638080921 
1110.0	2.34277976562e+49	11.8884482635 
1111.0	2.32806768727e+49	11.8490165864 
1112.0	2.32904586531e+49	11.8259847223 
1113.0	2.33604837055e+49	11.8449693426 
1114.0	2.32624030101e+49	11.7876715255 
1115.0	2.33831955062e+49	11.7687585652 
1116.0	2.33516161265e+49	11.7919739806 
1117.0	2.32563576574e+49	11.720661836 
1118.0	2.32549686223e+49	11.7511461609 
1119.0	2.32764073464e+49	11.7242877513 
1120.0	2.31607174004e+49	11.6712818641 
1121.0	2.323097946e+49	11.6675093202 
1122.0	2.31490032139e+49	11.6731492626 
1123.0	2.29912872203e+49	11.6404444913 
1124.0	2.31029163178e+49	11.6385698264 
1125.0	2.3026340099e+49	11.6256014384 
1126.0	2.2856931789e+49	11.614985201 
1127.0	2.27804104901e+49	11.6591150185 
1128.0	2.28367797377e+49	11.5917057765 
1129.0	2.26820859508e+49	11.595066652 
1130.0	2.25952017584e+49	11.6555271153 
1131.0	2.24499118484e+49	11.6352824413 
1132.0	2.24126440155e+49	11.6048552547 
1133.0	2.22796627228e+49	11.6345133504 
1134.0	2.20970694336e+49	11.6377916561 
1135.0	2.20347469023e+49	11.6256571593 
1136.0	2.18677626394e+49	11.6351118495 
1137.0	2.17608406846e+49	11.6251126993 
1138.0	2.15570999395e+49	11.6523757749 
1139.0	2.15635688725e+49	11.6408994907 
1140.0	2.1371950499e+49	11.6484366335 
1141.0	2.12048348064e+49	11.6640403129 
1142.0	2.10641339389e+49	11.6638259368 
1143.0	2.10991909341e+49	11.6345134683 
1144.0	2.09729108224e+49	11.6565483759 
1145.0	2.08534518765e+49	11.6590281865 
1146.0	2.07123424371e+49	11.6673235075 
1147.0	2.05847908546e+49	11.6874638215 
1148.0	2.06505710943e+49	11.653276481 
1149.0	2.0506680007e+49	11.666754618 
1150.0	2.03907368662e+49	11.664257388 
1151.0	2.02597427936e+49	11.6785428379 
1152.0	2.01374774655e+49	11.7037385295 
1153.0	1.99998199015e+49	11.7074365925 
1154.0	2.00372519324e+49	11.6687442932 
1155.0	1.99169702275e+49	11.6886887816 
1156.0	1.98441337593e+49	11.6859472717 
1157.0	1.96882691827e+49	11.6995585292 
1158.0	1.95230986612e+49	11.7143761262 
1159.0	1.95410083201e+49	11.7008166606 
1160.0	1.9443402575e+49	11.706576873 
1161.0	1.93600906046e+49	11.704521983 
1162.0	1.92274850634e+49	11.7260561356 
1163.0	1.91100644025e+49	11.7323798454 
1164.0	1.90257971565e+49	11.7525222651 
1165.0	1.88961210423e+49	11.7498754299 
1166.0	1.88887587814e+49	11.7332988797 
1167.0	1.87982222918e+49	11.7555367035 
1168.0	1.87066271225e+49	11.7589312282 
1169.0	1.86408585936e+49	11.742526756 
1170.0	1.8568727012e+49	11.7731975006 
1171.0	1.8491682658e+49	11.7786205872 
1172.0	1.84002030477e+49	11.7634925205 
1173.0	1.83241698838e+49	11.7760647508 
1174.0	1.82410807539e+49	11.7850552497 
1175.0	1.81627781129e+49	11.791839662 
1176.0	1.80657942335e+49	11.7779189813 
1177.0	1.80185353656e+49	11.781390638 
1178.0	1.79339767083e+49	11.7905580976 
1179.0	1.78771517106e+49	11.7732844597 
1180.0	1.78652558218e+49	11.7583792546 
1181.0	1.78758320408e+49	11.7282402551 
1182.0	1.78145129988e+49	11.729384429 
1183.0	1.77615096014e+49	11.7115733223 
1184.0	1.77043007984e+49	11.723690885 
1185.0	1.76459050606e+49	11.7222535181 
1186.0	1.76519048165e+49	11.6946000007 
1187.0	1.76093068006e+49	11.6792674339 
1188.0	1.75347224577e+49	11.6637139165 
1189.0	1.75470585265e+49	11.657553034 
1190.0	1.7477270971e+49	11.6500778101 
1191.0	1.7525943971e+49	11.6100106653 
1192.0	1.75060953357e+49	11.5994861432 
1193.0	1.75164891188e+49	11.5729907108 
1194.0	1.74252611616e+49	11.5817643419 
1195.0	1.7423204683e+49	11.5584058958 
1196.0	1.73738295875e+49	11.5495318324 
1197.0	1.74036774102e+49	11.5341860047 
1198.0	1.73885683178e+49	11.5065832952 
1199.0	1.73061165941e+49	11.509049866 
1200.0	1.73323743123e+49	11.4844680914 
1201.0	1.74664652592e+49	11.4558011353 
1202.0	1.74503622103e+49	11.4533994265 
1203.0	1.7350207198e+49	11.4393717944 
1204.0	1.73594920236e+49	11.4336575539 
1205.0	1.74380699188e+49	11.4193770618 
1206.0	1.74544645448e+49	11.368922767 
1207.0	1.73909518375e+49	11.3792926501 
1208.0	1.73575666505e+49	11.3963707877 
1209.0	1.73665816856e+49	11.3440144232 
1210.0	1.74100486861e+49	11.3099211088 
1211.0	1.73546795974e+49	11.3172333125 
1212.0	1.74519263831e+49	11.2764411344 
1213.0	1.7479023566e+49	11.2638551957 
1214.0	1.74141836298e+49	11.2397386634 
1215.0	1.74550482582e+49	11.2335475677 
1216.0	1.74394095736e+49	11.214849015 
1217.0	1.74276790051e+49	11.1729714834 
1218.0	1.74975805855e+49	11.1566881666 
1219.0	1.74549658028e+49	11.1428443382 
1220.0	1.74332762285e+49	11.1306985514 
1221.0	1.7469750441e+49	11.0967238166 
1222.0	1.75231326429e+49	11.0614630992 
1223.0	1.75801627029e+49	11.0596156287 
1224.0	1.75828670062e+49	11.009565919 
1225.0	1.76316260155e+49	10.986477508 
1226.0	1.760288789e+49	11.0001087128 
1227.0	1.76100476077e+49	10.9405284318 
1228.0	1.7657674572e+49	10.9056469623 
1229.0	1.77418801268e+49	10.9225519323 
1230.0	1.77738810726e+49	10.8787228759 
1231.0	1.77963290449e+49	10.8359757771 
1232.0	1.78847111345e+49	10.8087502543 
1233.0	1.78698063778e+49	10.7835801691 
1234.0	1.79308876531e+49	10.7590834323 
1235.0	1.79718840748e+49	10.7392779161 
1236.0	1.79547790672e+49	10.7134402857 
1237.0	1.80179489606e+49	10.6904910233 
1238.0	1.80105291508e+49	10.6637306613 
1239.0	1.79538202613e+49	10.6646354449 
1240.0	1.80920969079e+49	10.6353256226 
1241.0	1.81198690237e+49	10.5883003135 
1242.0	1.81321976469e+49	10.5599571217 
1243.0	1.80884614442e+49	10.5593917061 
1244.0	1.80610827337e+49	10.5462898028 
1245.0	1.81239573674e+49	10.5247513626 
1246.0	1.8161502962e+49	10.485331953 
1247.0	1.80900834377e+49	10.4926452488 
1248.0	1.81119846429e+49	10.46935417 
1249.0	1.81874183426e+49	10.4162987075 
1250.0	1.81726635563e+49	10.4209717569 
1251.0	1.81754839705e+49	10.3978413386 
1252.0	1.81084933181e+49	10.3989944059 
1253.0	1.81053273737e+49	10.3923637436 
1254.0	1.80530606682e+49	10.3868400397 
1255.0	1.80277965583e+49	10.3700704776 
1256.0	1.79700828609e+49	10.3739650186 
1257.0	1.80988849784e+49	10.3109665709 
1258.0	1.80600391915e+49	10.312377707 
1259.0	1.80128205733e+49	10.3096838206 
1260.0	1.79574090773e+49	10.2971186214 
1261.0	1.79226155736e+49	10.3071687113 
1262.0	1.78739128873e+49	10.2743051618 
1263.0	1.78926108795e+49	10.2790636612 
1264.0	1.79200532749e+49	10.2477661911 
1265.0	1.783935924e+49	10.2388032525 
1266.0	1.77744002967e+49	10.2431968048 
1267.0	1.76990750354e+49	10.2341322552 
1268.0	1.76115357492e+49	10.2489462978 
1269.0	1.76272449882e+49	10.2020793208 
1270.0	1.75924154238e+49	10.2124952537 
1271.0	1.75117696664e+49	10.1980963167 
1272.0	1.75415710124e+49	10.1815160258 
1273.0	1.74592644631e+49	10.172685034 
1274.0	1.73702065802e+49	10.1704252791 
1275.0	1.73613146643e+49	10.1678389971 
1276.0	1.72659136348e+49	10.1668043617 
1277.0	1.71872217282e+49	10.1623275171 
1278.0	1.71790692226e+49	10.1592993991 
1279.0	1.70934911603e+49	10.1327973408 
1280.0	1.70472999341e+49	10.1475084735 
1281.0	1.70349280203e+49	10.1326539379 
1282.0	1.69477581107e+49	10.121981747 
1283.0	1.69028083734e+49	10.1497923091 
1284.0	1.69124995818e+49	10.1186783821 
1285.0	1.68411281517e+49	10.1419048893 
1286.0	1.67458514622e+49	10.1455011044 
1287.0	1.66663190907e+49	10.1392700384 
1288.0	1.65993991806e+49	10.1594474117 
1289.0	1.65028348548e+49	10.1616947782 
1290.0	1.64407426557e+49	10.1541517412 
1291.0	1.63578562513e+49	10.1742268449 
1292.0	1.63338677319e+49	10.1507514058 
1293.0	1.6262016132e+49	10.1476764948 
1294.0	1.62847613017e+49	10.1377260635 
1295.0	1.6166636145e+49	10.1432964166 
1296.0	1.61067074361e+49	10.1452660678 
1297.0	1.60189297664e+49	10.152800708 
1298.0	1.59971937422e+49	10.1339654684 
1299.0	1.59399454715e+49	10.140378604 
1300.0	1.59581038876e+49	10.1146052937 
1301.0	1.58868693099e+49	10.1188837181 
1302.0	1.58395874657e+49	10.1120588013 
1303.0	1.57817640153e+49	10.127109783 
1304.0	1.57832915516e+49	10.110978535 
1305.0	1.57427560311e+49	10.0975123504 
1306.0	1.56801981539e+49	10.1082109987 
1307.0	1.56704012522e+49	10.0840352696 
1308.0	1.56262264814e+49	10.0893715573 
1309.0	1.56417603168e+49	10.0800504766 
1310.0	1.56011638684e+49	10.0722338437 
1311.0	1.55277637821e+49	10.0848731759 
1312.0	1.54503465645e+49	10.085309227 
1313.0	1.5381397734e+49	10.0984163626 
1314.0	1.53567258465e+49	10.0969846572 
1315.0	1.53266252904e+49	10.0866488585 
1316.0	1.53096227117e+49	10.0771411574 
1317.0	1.52116653186e+49	10.1059732646 
1318.0	1.51127678335e+49	10.099659549 
1319.0	1.50383697136e+49	10.1208648496 
1320.0	1.49550262049e+49	10.1381721877 
1321.0	1.49287442736e+49	10.0947709579 
1322.0	1.48780785643e+49	10.0967092225 
1323.0	1.47943190411e+49	10.1186562306 
1324.0	1.47296583716e+49	10.1294121813 
1325.0	1.46264185608e+49	10.1264185827 
1326.0	1.46285923089e+49	10.1281223304 
1327.0	1.45253658922e+49	10.1134353614 
1328.0	1.44618477939e+49	10.1210080123 
1329.0	1.44269934296e+49	10.1375505343 
1330.0	1.43952433234e+49	10.1388394258 
1331.0	1.43131558593e+49	10.1329398325 
1332.0	1.42797368788e+49	10.0895623774 
1333.0	1.42049840868e+49	10.1215314197 
1334.0	1.41491440859e+49	10.1368069332 
1335.0	1.40862785018e+49	10.1269010285 
1336.0	1.40226767079e+49	10.1269607757 
1337.0	1.39377543578e+49	10.1239721664 
1338.0	1.40326829405e+49	10.1021101659 
1339.0	1.40067920237e+49	10.0853253857 
1340.0	1.39413632044e+49	10.0979260577 
1341.0	1.38663106836e+49	10.0878656359 
1342.0	1.38582053931e+49	10.0860590532 
1343.0	1.38481187763e+49	10.1214412306 
1344.0	1.38762290971e+49	10.0651683272 
1345.0	1.38252289445e+49	10.0483922974 
1346.0	1.38084352598e+49	10.0636031655 
1347.0	1.37501601312e+49	10.0705853696 
1348.0	1.3677905506e+49	10.0658335835 
1349.0	1.36492227089e+49	10.0601566179 
1350.0	1.36552997796e+49	10.0699735383 
1351.0	1.35926478196e+49	10.0341812581 
1352.0	1.35517960361e+49	10.0508543561 
1353.0	1.349352749e+49	10.056418471 
1354.0	1.3468794664e+49	10.0353191616 
1355.0	1.34417668044e+49	10.0451783281 
1356.0	1.34229240319e+49	10.0335598619 
1357.0	1.33796829308e+49	10.0261938177 
1358.0	1.33053018789e+49	10.0054346046 
1359.0	1.32846399466e+49	10.0191617005 
1360.0	1.32511806396e+49	10.049904775 
1361.0	1.31775954807e+49	9.99605258336 
1362.0	1.32285939409e+49	9.96785379987 
1363.0	1.31718159878e+49	10.005300207 
1364.0	1.31089987541e+49	10.02016488 
1365.0	1.29571505634e+49	9.98154434607 
1366.0	1.29208885246e+49	9.97178403184 
1367.0	1.28812581837e+49	10.0034434384 
1368.0	1.28253758868e+49	10.0325830028 
1369.0	1.28242557947e+49	9.99107551536 
1370.0	1.2755622212e+49	9.97861063327 
1371.0	1.27531773994e+49	10.010935777 
1372.0	1.26715719494e+49	9.97559159842 
1373.0	1.26371288156e+49	9.97305477848 
1374.0	1.25587242166e+49	10.0007604406 
1375.0	1.2614896409e+49	10.0072347079 
1376.0	1.25245276522e+49	9.9885142952 
1377.0	1.24397897332e+49	10.0031831823 
1378.0	1.24464341726e+49	10.0076614438 
1379.0	1.23350946902e+49	10.006108687 
1380.0	1.22895307609e+49	9.96548980043 
1381.0	1.2266716589e+49	10.0146289891 
1382.0	1.23306305732e+49	10.0068970684 
1383.0	1.22724454761e+49	9.98587867902 
1384.0	1.22059372446e+49	9.98093634758 
1385.0	1.21622487844e+49	9.99733731987 
1386.0	1.2155972729e+49	9.98444789406 
1387.0	1.20919346623e+49	9.98009861764 
1388.0	1.21211171162e+49	9.96838615058 
1389.0	1.20646243707e+49	9.97378369906 
1390.0	1.1962371071e+49	9.94238787809 
1391.0	1.19085713443e+49	9.97825855752 
1392.0	1.18550014684e+49	9.95386825435 
1393.0	1.17825237519e+49	9.99815427441 
1394.0	1.1716830437e+49	10.0045311358 
1395.0	1.16919083037e+49	9.9737582343 
1396.0	1.16157923303e+49	9.96431160232 
1397.0	1.15539243451e+49	9.97957532777 
1398.0	1.15267600239e+49	9.97845372342 
1399.0	1.14704236206e+49	9.99821535752 
1400.0	1.14194054762e+49	10.0171837485 
1401.0	1.13489082768e+49	9.98510792591 
1402.0	1.14101221655e+49	9.95196822495 
1403.0	1.13186644096e+49	9.98575623023 
1404.0	1.12861902409e+49	9.98396497106 
1405.0	1.11999914702e+49	9.95611251234 
1406.0	1.11087192369e+49	9.947247457 
1407.0	1.10578861126e+49	9.96790639074 
1408.0	1.11248366478e+49	9.95677053505 
1409.0	1.10546281193e+49	9.96587879798 
1410.0	1.10586415534e+49	9.94516462853 
1411.0	1.09634733156e+49	9.95941065684 
1412.0	1.08762151578e+49	9.99630812801 
1413.0	1.08543920062e+49	9.98197894992 
1414.0	1.07753900534e+49	9.97784462048 
1415.0	1.06195346501e+49	9.9513720099 
1416.0	1.05861259586e+49	9.98581393721 
1417.0	1.06420999537e+49	9.92375976296 
1418.0	1.05999912903e+49	9.94920719636 
1419.0	1.05433544219e+49	9.95957465582 
1420.0	1.05582710614e+49	9.95910803193 
1421.0	1.04968708084e+49	9.93631145077 
1422.0	1.03965842916e+49	9.92018527846 
1423.0	1.03339219468e+49	9.92490346776 
1424.0	1.03790979622e+49	9.90150817702 
1425.0	1.0285943835e+49	9.89176951591 
1426.0	1.0329038584e+49	9.90739854928 
1427.0	1.02877727232e+49	9.90767752568 
1428.0	1.02205148024e+49	9.94033224888 
1429.0	1.00905765997e+49	9.94576131134 
1430.0	1.0067825996e+49	9.9555507086 
1431.0	1.00207559021e+49	9.94125639558 
1432.0	9.91592450982e+48	9.90105842385 
1433.0	9.87492694728e+48	9.94310570257 
1434.0	9.86951633299e+48	9.92781635068 
1435.0	9.8453523683e+48	9.94576092216 
1436.0	9.78613453632e+48	9.96009352774 
1437.0	9.805773356e+48	9.93248663204 
1438.0	9.76079530224e+48	9.96464136152 
1439.0	9.67164310617e+48	9.97178516397 
1440.0	9.71318243858e+48	9.96502406079 
1441.0	9.60943982318e+48	9.9441934629 
1442.0	9.56727277584e+48	9.95154989855 
1443.0	9.52728303804e+48	9.96779888107 
1444.0	9.50385471747e+48	9.98594693207 
1445.0	9.52029491131e+48	9.94512441559 
1446.0	9.51878542425e+48	9.95350008626 
1447.0	9.42475389307e+48	9.95046006956 
1448.0	9.29642420776e+48	9.98365816037 
1449.0	9.27423064599e+48	9.98865807059 
1450.0	9.19504906341e+48	10.0260887101 
1451.0	9.14225262551e+48	9.97304022808 
1452.0	9.17985854673e+48	9.99505423254 
1453.0	9.18350842693e+48	9.9785306709 
1454.0	9.12539956939e+48	9.9969103299 
1455.0	9.14127130535e+48	9.99051764084 
1456.0	9.0504673498e+48	9.9983573403 
1457.0	8.9446515541e+48	10.0116366913 
1458.0	8.89394528736e+48	10.0255761574 
1459.0	8.81874233754e+48	10.0277631345 
1460.0	8.78736070994e+48	10.0428531945 
1461.0	8.78779131931e+48	10.0017610557 
1462.0	8.72595283423e+48	9.99050504207 
1463.0	8.76282808034e+48	9.96293249466 
1464.0	8.71479596791e+48	9.99864109973 
1465.0	8.66257207246e+48	10.0030989082 
1466.0	8.71249134416e+48	10.0118845556 
1467.0	8.63190049188e+48	10.0105472912 
1468.0	8.59450053071e+48	9.98255706643 
1469.0	8.4546932578e+48	10.0085269566 
1470.0	8.46275624477e+48	10.0035130237 
1471.0	8.42622473138e+48	10.0195573809 
1472.0	8.38467897867e+48	10.0539506675 
1473.0	8.35326666346e+48	10.0721771728 
1474.0	8.29091655402e+48	10.0972622086 
1475.0	8.22946693313e+48	10.0697532193 
1476.0	8.23549177618e+48	10.0408862227 
1477.0	8.14012048881e+48	10.009553617 
1478.0	8.11352216172e+48	10.0355013792 
1479.0	8.08839369291e+48	10.0612738573 
1480.0	8.11125963277e+48	10.0325151907 
1481.0	8.0593897512e+48	10.0537183349 
1482.0	7.98076874842e+48	10.0812919963 
1483.0	7.91579197954e+48	10.0779149716 
1484.0	7.87676682529e+48	10.0153780883 
1485.0	7.85220777248e+48	10.0634028929 
1486.0	7.77782565831e+48	10.0358333262 
1487.0	7.82956055166e+48	10.0501083965 
1488.0	7.79253274402e+48	10.0369717334 
1489.0	7.72542264948e+48	10.037939867 
1490.0	7.69939573095e+48	10.029659366 
1491.0	7.74841693046e+48	10.0057463966 
1492.0	7.70510483264e+48	9.98611103771 
1493.0	7.66445068422e+48	9.97157659703 
1494.0	7.63703695103e+48	9.97664947054 
1495.0	7.63725532948e+48	10.0117602642 
1496.0	7.56393707008e+48	9.96379867426 
1497.0	7.52678283013e+48	9.95678321721 
1498.0	7.51009113882e+48	9.95979455913 
1499.0	7.51861595192e+48	9.99556841793 
1500.0	7.56188764635e+48	9.97778479787 
1501.0	7.57793846732e+48	9.96579340997 
1502.0	7.54345173015e+48	9.96378541254 
1503.0	7.4523580915e+48	9.92180922377 
1504.0	7.39777856899e+48	9.90207775022 
1505.0	7.36097359302e+48	9.8939579247 
1506.0	7.36901204667e+48	9.89962750738 
1507.0	7.29947695824e+48	9.95138437927 
1508.0	7.37275752835e+48	9.89447291332 
1509.0	7.43744625605e+48	9.86728221266 
1510.0	7.38880433785e+48	9.91803756839 
1511.0	7.40000538856e+48	9.86540651117 
1512.0	7.38217523113e+48	9.90656943461 
1513.0	7.33578273482e+48	9.86400411001 
1514.0	7.22406447271e+48	9.86257774651 
1515.0	7.19818544386e+48	9.85694859973 
1516.0	7.28018158574e+48	9.81863180533 
1517.0	7.23386919886e+48	9.8210534738 
1518.0	7.28368970668e+48	9.8370925113 
1519.0	7.26889504741e+48	9.8448357593 
1520.0	7.19070750106e+48	9.78217265933 
1521.0	7.09506617432e+48	9.79116570078 
1522.0	7.07065280205e+48	9.7954454454 
1523.0	7.00355283356e+48	9.77977609723 
1524.0	6.99319243598e+48	9.78646158694 
1525.0	7.02398188093e+48	9.7155064415 
1526.0	7.03481225946e+48	9.68734889768 
1527.0	6.9456020783e+48	9.71243487202 
1528.0	6.98268362249e+48	9.68260022096 
1529.0	7.09474886694e+48	9.72397365077 
1530.0	7.07929204779e+48	9.6797113771 
1531.0	7.08639757605e+48	9.67247992836 
1532.0	6.94360072341e+48	9.73324093376 
1533.0	6.93397682958e+48	9.65175630217 
1534.0	6.87243678004e+48	9.6731849807 
1535.0	6.88692917645e+48	9.64496944218 
1536.0	6.82569478184e+48	9.64743925828 
1537.0	6.88472332914e+48	9.59633524099 
1538.0	6.87369731461e+48	9.62388416233 
1539.0	6.9238159684e+48	9.59107226646 
1540.0	6.92997151027e+48	9.63458778269 
1541.0	6.89438405974e+48	9.61613735057 
1542.0	6.90531644046e+48	9.59254547704 
1543.0	6.86895063125e+48	9.5764790289 
1544.0	6.84306761522e+48	9.5837073293 
1545.0	6.76737220831e+48	9.58259836775 
1546.0	6.83781683866e+48	9.56561909249 
1547.0	6.85214417656e+48	9.5382201719 
1548.0	6.78767537289e+48	9.51918399566 
1549.0	6.78667269521e+48	9.55857768329 
1550.0	6.78108941135e+48	9.54303425207 
1551.0	6.74446398777e+48	9.55596944622 
1552.0	6.71380041118e+48	9.54672596548 
1553.0	6.64915189613e+48	9.54189243995 
1554.0	6.60494267111e+48	9.54668920402 
1555.0	6.59871078056e+48	9.54423894616 
1556.0	6.58966831388e+48	9.47116690461 
1557.0	6.5886700619e+48	9.43040210944 
1558.0	6.62309839149e+48	9.48815220512 
1559.0	6.64910734388e+48	9.48931109626 
1560.0	6.60919964434e+48	9.52557384655 
1561.0	6.54009492086e+48	9.48211337279 
1562.0	6.50712757089e+48	9.50436508028 
1563.0	6.44046771727e+48	9.48452685976 
1564.0	6.40979867938e+48	9.48854966615 
1565.0	6.47865467371e+48	9.40546737522 
1566.0	6.44754467629e+48	9.38885051166 
1567.0	6.39761491439e+48	9.39521322749 
1568.0	6.4042456471e+48	9.42377970032 
1569.0	6.40216439118e+48	9.42754276818 
1570.0	6.41350362399e+48	9.44483147073 
1571.0	6.49930038803e+48	9.40238397212 
1572.0	6.47586100245e+48	9.44246819589 
1573.0	6.40324813601e+48	9.39925095557 
1574.0	6.41651993814e+48	9.40275023536 
1575.0	6.37793990939e+48	9.34765503985 
1576.0	6.32440254097e+48	9.32861832558 
1577.0	6.31017919618e+48	9.33393633739 
1578.0	6.30980461591e+48	9.38054400858 
1579.0	6.29247115343e+48	9.38469504518 
1580.0	6.26139463143e+48	9.39069343895 
1581.0	6.28303125712e+48	9.39488129566 
1582.0	6.23258123734e+48	9.39665255987 
1583.0	6.24564180629e+48	9.37619408759 
1584.0	6.23363847175e+48	9.42616030621 
1585.0	6.15667849799e+48	9.33154657269 
1586.0	6.09496803916e+48	9.37335023637 
1587.0	6.17675535764e+48	9.30963136612 
1588.0	6.13513621498e+48	9.34658181462 
1589.0	6.10477279504e+48	9.33442142976 
1590.0	6.0814437888e+48	9.33041898018 
1591.0	6.09010011079e+48	9.31517418739 
1592.0	6.09325806586e+48	9.33021194134 
1593.0	6.05355033153e+48	9.31415580152 
1594.0	6.0388337476e+48	9.32531295617 
1595.0	5.9584495832e+48	9.28541394601 
1596.0	5.94520238235e+48	9.31506887 
1597.0	5.95158642279e+48	9.22820461017 
1598.0	5.95157082095e+48	9.2560784486 
1599.0	5.89021265835e+48	9.26078426239 
1600.0	5.92423637036e+48	9.24246667673 
1601.0	5.94078224164e+48	9.20398752908 
1602.0	5.92869396794e+48	9.19367153961 
1603.0	5.90612998069e+48	9.22167654943 
1604.0	5.832542452e+48	9.17850316357 
1605.0	5.83759403677e+48	9.20928033558 
1606.0	5.83827153968e+48	9.25854418266 
1607.0	5.81078772363e+48	9.21650410329 
1608.0	5.81538152363e+48	9.22268423493 
1609.0	5.73729836475e+48	9.19970269101 
1610.0	5.73784124199e+48	9.20101956286 
1611.0	5.78396082598e+48	9.17393977307 
1612.0	5.74077201283e+48	9.17498494131 
1613.0	5.74983584369e+48	9.21267432367 
1614.0	5.67363173107e+48	9.18416563538 
1615.0	5.70619507189e+48	9.18480774324 
1616.0	5.68707954144e+48	9.22975001465 
1617.0	5.68362710358e+48	9.21527664147 
1618.0	5.61650558935e+48	9.24260684502 
1619.0	5.69735582833e+48	9.12155140511 
1620.0	5.61343052309e+48	9.16681333773 
1621.0	5.47001128932e+48	9.10358372112 
1622.0	5.58178911058e+48	9.20963898327 
1623.0	5.55382640279e+48	9.19510506384 
1624.0	5.63501046497e+48	9.1289936673 
1625.0	5.59401048405e+48	9.11691835585 
1626.0	5.57227623799e+48	9.13781104733 
1627.0	5.55420544837e+48	9.13461150385 
1628.0	5.53027081986e+48	9.15507356913 
1629.0	5.50257034918e+48	9.15060585993 
1630.0	5.47553430865e+48	9.13117627583 
1631.0	5.46975892452e+48	9.17561663653 
1632.0	5.46578360244e+48	9.18350077364 
1633.0	5.45961776735e+48	9.19392997763 
1634.0	5.25924989409e+48	9.11375447918 
1635.0	5.33148724698e+48	9.18302939446 
1636.0	5.39464812046e+48	9.1782659397 
1637.0	5.24936383045e+48	9.12901392584 
1638.0	5.2952840499e+48	9.12870036858 
1639.0	5.34044196928e+48	9.20543649405 
1640.0	5.31440634333e+48	9.19717925129 
1641.0	5.34206578725e+48	9.14250924517 
1642.0	5.3403169109e+48	9.12263950638 
1643.0	5.28892983267e+48	9.11825110129 
1644.0	5.28411761062e+48	9.12068210445 
1645.0	5.28993353405e+48	9.20843883412 
1646.0	5.32518597545e+48	9.19527531834 
1647.0	5.33540303132e+48	9.17735809919 
1648.0	5.31403927951e+48	9.18087393251 
1649.0	5.22839663851e+48	9.09234606944 
1650.0	5.19532176819e+48	9.10976509192 
1651.0	5.24505318451e+48	9.14062582177 
1652.0	5.23767457413e+48	9.16370347067 
1653.0	5.20757736357e+48	9.16206214675 
1654.0	5.18002569372e+48	9.14871548401 
1655.0	5.22073181995e+48	9.14587241016 
1656.0	5.27125853248e+48	9.12781193617 
1657.0	5.26400396603e+48	9.13209114041 
1658.0	5.23727519541e+48	9.12761300387 
1659.0	5.26141570909e+48	9.12354709471 
1660.0	5.19720846531e+48	9.12611256851 
1661.0	5.16249490602e+48	9.13037554111 
1662.0	5.20085614811e+48	9.20780965347 
1663.0	5.15524315075e+48	9.08448665152 
1664.0	5.03005989328e+48	9.09994272925 
1665.0	5.03200365531e+48	9.17308492367 
1666.0	5.01013231227e+48	9.094062138 
1667.0	4.94329477045e+48	9.08988162223 
1668.0	4.93541361133e+48	9.10878607565 
1669.0	5.0425437307e+48	9.10791526961 
1670.0	4.96833906391e+48	9.09206540203 
1671.0	4.95282499129e+48	9.10057086763 
1672.0	4.96086084606e+48	9.10767410237 
1673.0	4.95490479287e+48	9.09800234195 
1674.0	4.94452459202e+48	9.12111416101 
1675.0	5.03229653139e+48	9.06414006186 
1676.0	4.96655668111e+48	9.09682452943 
1677.0	4.9069701828e+48	9.11912793884 
1678.0	4.977237703e+48	9.05614444085 
1679.0	4.890427238e+48	8.97089899774 
1680.0	4.89192202147e+48	9.01816162264 
1681.0	4.85741288778e+48	9.04615017467 
1682.0	4.81909325273e+48	9.03073921709 
1683.0	4.87090607596e+48	8.94965506615 
1684.0	4.75725553519e+48	8.92041526471 
1685.0	4.75829523801e+48	8.90796304723 
1686.0	4.72194704905e+48	8.92634897103 
1687.0	4.77541170473e+48	9.00441133571 
1688.0	4.74469658101e+48	9.01884031597 
1689.0	4.76984528623e+48	9.05496697556 
1690.0	4.74581169276e+48	9.04559007771 
1691.0	4.73341170954e+48	9.05756322825 
1692.0	4.67669676665e+48	9.06324749498 
1693.0	4.6315871498e+48	9.04939581537 
1694.0	4.58524986401e+48	9.02715723414 
1695.0	4.45578523308e+48	8.99738665756 
1696.0	4.47807726844e+48	8.95267870048 
1697.0	4.53719592695e+48	8.91178216461 
1698.0	4.54054417636e+48	8.98787765889 
1699.0	4.52732736526e+48	8.96814750909 
1700.0	4.50420165404e+48	8.97478660177 
1701.0	4.5135425689e+48	8.97487279603 
1702.0	4.54999427704e+48	9.00636389992 
1703.0	4.58384426039e+48	8.95023861334 
