-100.0	0.0	nan 
-99.0	0.0	nan 
-98.0	0.0	nan 
-97.0	0.0	nan 
-96.0	0.0	nan 
-95.0	0.0	nan 
-94.0	0.0	nan 
-93.0	0.0	nan 
-92.0	0.0	nan 
-91.0	0.0	nan 
-90.0	0.0	nan 
-89.0	0.0	nan 
-88.0	0.0	nan 
-87.0	0.0	nan 
-86.0	0.0	nan 
-85.0	0.0	nan 
-84.0	0.0	nan 
-83.0	0.0	nan 
-82.0	0.0	nan 
-81.0	0.0	nan 
-80.0	0.0	nan 
-79.0	0.0	nan 
-78.0	0.0	nan 
-77.0	0.0	nan 
-76.0	0.0	nan 
-75.0	0.0	nan 
-74.0	0.0	nan 
-73.0	0.0	nan 
-72.0	0.0	nan 
-71.0	0.0	nan 
-70.0	0.0	nan 
-69.0	0.0	nan 
-68.0	0.0	nan 
-67.0	0.0	nan 
-66.0	0.0	nan 
-65.0	0.0	nan 
-64.0	0.0	nan 
-63.0	0.0	nan 
-62.0	0.0	nan 
-61.0	0.0	nan 
-60.0	0.0	nan 
-59.0	0.0	nan 
-58.0	0.0	nan 
-57.0	0.0	nan 
-56.0	0.0	nan 
-55.0	0.0	nan 
-54.0	0.0	nan 
-53.0	0.0	nan 
-52.0	0.0	nan 
-51.0	0.0	nan 
-50.0	0.0	nan 
-49.0	0.0	nan 
-48.0	0.0	nan 
-47.0	0.0	nan 
-46.0	0.0	nan 
-45.0	0.0	nan 
-44.0	0.0	nan 
-43.0	0.0	nan 
-42.0	0.0	nan 
-41.0	0.0	nan 
-40.0	0.0	nan 
-39.0	0.0	nan 
-38.0	0.0	nan 
-37.0	0.0	nan 
-36.0	0.0	nan 
-35.0	0.0	nan 
-34.0	0.0	nan 
-33.0	0.0	nan 
-32.0	0.0	nan 
-31.0	0.0	nan 
-30.0	0.0	nan 
-29.0	0.0	nan 
-28.0	0.0	nan 
-27.0	0.0	nan 
-26.0	0.0	nan 
-25.0	0.0	nan 
-24.0	0.0	nan 
-23.0	0.0	nan 
-22.0	0.0	nan 
-21.0	0.0	nan 
-20.0	0.0	nan 
-19.0	0.0	nan 
-18.0	0.0	nan 
-17.0	0.0	nan 
-16.0	0.0	nan 
-15.0	0.0	nan 
-14.0	0.0	nan 
-13.0	0.0	nan 
-12.0	0.0	nan 
-11.0	0.0	nan 
-10.0	0.0	nan 
-9.0	0.0	nan 
-8.0	0.0	nan 
-7.0	0.0	nan 
-6.0	0.0	nan 
-5.0	0.0	nan 
-4.0	0.0	nan 
-3.0	0.0	nan 
-2.0	0.0	nan 
-1.0	0.0	nan 
0.0	0.0	nan 
1.0	0.0	nan 
2.0	0.0	nan 
3.0	0.0	nan 
4.0	0.0	nan 
5.0	0.0	nan 
6.0	0.0	nan 
7.0	0.0	nan 
8.0	0.0	nan 
9.0	0.0	nan 
10.0	0.0	nan 
11.0	0.0	nan 
12.0	0.0	nan 
13.0	0.0	nan 
14.0	0.0	nan 
15.0	0.0	nan 
16.0	0.0	nan 
17.0	0.0	nan 
18.0	0.0	nan 
19.0	0.0	nan 
20.0	0.0	nan 
21.0	0.0	nan 
22.0	0.0	nan 
23.0	0.0	nan 
24.0	0.0	nan 
25.0	0.0	nan 
26.0	0.0	nan 
27.0	0.0	nan 
28.0	0.0	nan 
29.0	0.0	nan 
30.0	0.0	nan 
31.0	0.0	nan 
32.0	0.0	nan 
33.0	0.0	nan 
34.0	0.0	nan 
35.0	0.0	nan 
36.0	0.0	nan 
37.0	0.0	nan 
38.0	0.0	nan 
39.0	0.0	nan 
40.0	0.0	nan 
41.0	0.0	nan 
42.0	0.0	nan 
43.0	0.0	nan 
44.0	0.0	nan 
45.0	0.0	nan 
46.0	0.0	nan 
47.0	0.0	nan 
48.0	0.0	nan 
49.0	0.0	nan 
50.0	0.0	nan 
51.0	0.0	nan 
52.0	0.0	nan 
53.0	0.0	nan 
54.0	0.0	nan 
55.0	0.0	nan 
56.0	0.0	nan 
57.0	0.0	nan 
58.0	0.0	nan 
59.0	0.0	nan 
60.0	0.0	nan 
61.0	0.0	nan 
62.0	0.0	nan 
63.0	0.0	nan 
64.0	0.0	nan 
65.0	0.0	nan 
66.0	0.0	nan 
67.0	0.0	nan 
68.0	0.0	nan 
69.0	0.0	nan 
70.0	0.0	nan 
71.0	0.0	nan 
72.0	0.0	nan 
73.0	0.0	nan 
74.0	0.0	nan 
75.0	0.0	nan 
76.0	0.0	nan 
77.0	0.0	nan 
78.0	0.0	nan 
79.0	0.0	nan 
80.0	0.0	nan 
81.0	0.0	nan 
82.0	0.0	nan 
83.0	0.0	nan 
84.0	0.0	nan 
85.0	0.0	nan 
86.0	0.0	nan 
87.0	0.0	nan 
88.0	0.0	nan 
89.0	0.0	nan 
90.0	0.0	nan 
91.0	0.0	nan 
92.0	0.0	nan 
93.0	0.0	nan 
94.0	0.0	nan 
95.0	0.0	nan 
96.0	0.0	nan 
97.0	0.0	nan 
98.0	0.0	nan 
99.0	0.0	nan 
100.0	0.0	nan 
101.0	0.0	nan 
102.0	0.0	nan 
103.0	0.0	nan 
104.0	0.0	nan 
105.0	0.0	nan 
106.0	0.0	nan 
107.0	0.0	nan 
108.0	0.0	nan 
109.0	0.0	nan 
110.0	0.0	nan 
111.0	0.0	nan 
112.0	0.0	nan 
113.0	0.0	nan 
114.0	0.0	nan 
115.0	0.0	nan 
116.0	0.0	nan 
117.0	0.0	nan 
118.0	0.0	nan 
119.0	0.0	nan 
120.0	0.0	nan 
121.0	0.0	nan 
122.0	0.0	nan 
123.0	0.0	nan 
124.0	0.0	nan 
125.0	0.0	nan 
126.0	0.0	nan 
127.0	0.0	nan 
128.0	0.0	nan 
129.0	0.0	nan 
130.0	0.0	nan 
131.0	0.0	nan 
132.0	0.0	nan 
133.0	0.0	nan 
134.0	0.0	nan 
135.0	0.0	nan 
136.0	0.0	nan 
137.0	0.0	nan 
138.0	0.0	nan 
139.0	0.0	nan 
140.0	0.0	nan 
141.0	0.0	nan 
142.0	0.0	nan 
143.0	0.0	nan 
144.0	0.0	nan 
145.0	0.0	nan 
146.0	0.0	nan 
147.0	0.0	nan 
148.0	0.0	nan 
149.0	0.0	nan 
150.0	0.0	nan 
151.0	0.0	nan 
152.0	0.0	nan 
153.0	0.0	nan 
154.0	0.0	nan 
155.0	0.0	nan 
156.0	0.0	nan 
157.0	0.0	nan 
158.0	0.0	nan 
159.0	0.0	nan 
160.0	0.0	nan 
161.0	0.0	nan 
162.0	0.0	nan 
163.0	0.0	nan 
164.0	0.0	nan 
165.0	0.0	nan 
166.0	0.0	nan 
167.0	0.0	nan 
168.0	0.0	nan 
169.0	0.0	nan 
170.0	0.0	nan 
171.0	0.0	nan 
172.0	0.0	nan 
173.0	0.0	nan 
174.0	0.0	nan 
175.0	0.0	nan 
176.0	0.0	nan 
177.0	0.0	nan 
178.0	0.0	nan 
179.0	0.0	nan 
180.0	0.0	nan 
181.0	0.0	nan 
182.0	0.0	nan 
183.0	0.0	nan 
184.0	0.0	nan 
185.0	0.0	nan 
186.0	0.0	nan 
187.0	0.0	nan 
188.0	0.0	nan 
189.0	0.0	nan 
190.0	0.0	nan 
191.0	0.0	nan 
192.0	0.0	nan 
193.0	0.0	nan 
194.0	0.0	nan 
195.0	0.0	nan 
196.0	0.0	nan 
197.0	0.0	nan 
198.0	0.0	nan 
199.0	0.0	nan 
200.0	0.0	nan 
201.0	0.0	nan 
202.0	0.0	nan 
203.0	0.0	nan 
204.0	0.0	nan 
205.0	0.0	nan 
206.0	0.0	nan 
207.0	0.0	nan 
208.0	0.0	nan 
209.0	0.0	nan 
210.0	0.0	nan 
211.0	0.0	nan 
212.0	0.0	nan 
213.0	0.0	nan 
214.0	0.0	nan 
215.0	0.0	nan 
216.0	0.0	nan 
217.0	0.0	nan 
218.0	0.0	nan 
219.0	0.0	nan 
220.0	0.0	nan 
221.0	0.0	nan 
222.0	0.0	nan 
223.0	0.0	nan 
224.0	0.0	nan 
225.0	0.0	nan 
226.0	0.0	nan 
227.0	0.0	nan 
228.0	0.0	nan 
229.0	0.0	nan 
230.0	0.0	nan 
231.0	0.0	nan 
232.0	0.0	nan 
233.0	0.0	nan 
234.0	0.0	nan 
235.0	0.0	nan 
236.0	0.0	nan 
237.0	0.0	nan 
238.0	0.0	nan 
239.0	0.0	nan 
240.0	0.0	nan 
241.0	0.0	nan 
242.0	0.0	nan 
243.0	0.0	nan 
244.0	0.0	nan 
245.0	0.0	nan 
246.0	0.0	nan 
247.0	0.0	nan 
248.0	0.0	nan 
249.0	0.0	nan 
250.0	0.0	nan 
251.0	0.0	nan 
252.0	0.0	nan 
253.0	0.0	nan 
254.0	0.0	nan 
255.0	0.0	nan 
256.0	0.0	nan 
257.0	0.0	nan 
258.0	0.0	nan 
259.0	0.0	nan 
260.0	0.0	nan 
261.0	0.0	nan 
262.0	0.0	nan 
263.0	0.0	nan 
264.0	0.0	nan 
265.0	0.0	nan 
266.0	0.0	nan 
267.0	0.0	nan 
268.0	0.0	nan 
269.0	0.0	nan 
270.0	0.0	nan 
271.0	0.0	nan 
272.0	0.0	nan 
273.0	0.0	nan 
274.0	0.0	nan 
275.0	0.0	nan 
276.0	0.0	nan 
277.0	0.0	nan 
278.0	0.0	nan 
279.0	0.0	nan 
280.0	0.0	nan 
281.0	0.0	nan 
282.0	0.0	nan 
283.0	0.0	nan 
284.0	0.0	nan 
285.0	0.0	nan 
286.0	0.0	nan 
287.0	0.0	nan 
288.0	0.0	nan 
289.0	0.0	nan 
290.0	0.0	nan 
291.0	0.0	nan 
292.0	0.0	nan 
293.0	0.0	nan 
294.0	0.0	nan 
295.0	0.0	nan 
296.0	0.0	nan 
297.0	0.0	nan 
298.0	0.0	nan 
299.0	0.0	nan 
300.0	0.0	nan 
301.0	0.0	nan 
302.0	0.0	nan 
303.0	0.0	nan 
304.0	0.0	nan 
305.0	0.0	nan 
306.0	0.0	nan 
307.0	0.0	nan 
308.0	0.0	nan 
309.0	0.0	nan 
310.0	0.0	nan 
311.0	0.0	nan 
312.0	0.0	nan 
313.0	0.0	nan 
314.0	0.0	nan 
315.0	0.0	nan 
316.0	0.0	nan 
317.0	0.0	nan 
318.0	0.0	nan 
319.0	0.0	nan 
320.0	0.0	nan 
321.0	0.0	nan 
322.0	0.0	nan 
323.0	0.0	nan 
324.0	0.0	nan 
325.0	0.0	nan 
326.0	0.0	nan 
327.0	0.0	nan 
328.0	0.0	nan 
329.0	0.0	nan 
330.0	0.0	nan 
331.0	0.0	nan 
332.0	0.0	nan 
333.0	0.0	nan 
334.0	0.0	nan 
335.0	0.0	nan 
336.0	0.0	nan 
337.0	0.0	nan 
338.0	0.0	nan 
339.0	0.0	nan 
340.0	0.0	nan 
341.0	0.0	nan 
342.0	0.0	nan 
343.0	0.0	nan 
344.0	0.0	nan 
345.0	0.0	nan 
346.0	0.0	nan 
347.0	0.0	nan 
348.0	0.0	nan 
349.0	0.0	nan 
350.0	0.0	nan 
351.0	0.0	nan 
352.0	0.0	nan 
353.0	0.0	nan 
354.0	0.0	nan 
355.0	0.0	nan 
356.0	0.0	nan 
357.0	0.0	nan 
358.0	0.0	nan 
359.0	0.0	nan 
360.0	0.0	nan 
361.0	4.93581132547e+48	8.48437173884 
362.0	2.040755398e+48	8.29170687827 
363.0	1.22954922944e+49	10.1480938756 
364.0	2.20067129927e+49	12.4407503598 
365.0	3.7428541899e+49	11.8843418187 
366.0	2.16537160246e+49	12.6879899686 
367.0	1.34674487883e+49	13.5941408857 
368.0	9.88232829095e+48	14.7169384241 
369.0	9.43259414383e+48	14.3137361829 
370.0	7.56536208303e+48	14.4517860959 
371.0	6.37338499917e+48	14.4008680318 
372.0	5.03049021764e+48	14.184715103 
373.0	3.87646605192e+48	13.9189109925 
374.0	5.25556706081e+48	13.0943971992 
375.0	1.74317902777e+49	15.8389842321 
376.0	3.87330519338e+49	16.2004672149 
377.0	4.4739961411e+49	16.965779599 
378.0	4.52423272722e+49	17.4798191732 
379.0	4.23320646743e+49	17.7524761608 
380.0	3.53791225959e+49	18.2651941037 
381.0	2.96441436152e+49	18.4071624465 
382.0	2.47526815898e+49	18.5986920498 
383.0	2.25595035087e+49	19.3125588975 
384.0	2.4071336405e+49	19.3665044604 
385.0	2.41450325692e+49	19.1618372394 
386.0	2.42828292745e+49	18.8374488858 
387.0	2.38362863035e+49	18.5874943361 
388.0	2.27056794424e+49	17.9340202224 
389.0	2.16009231626e+49	18.1089159257 
390.0	1.91910185138e+49	18.6677201277 
391.0	1.69143733792e+49	18.3178370202 
392.0	1.51604108135e+49	18.5086620175 
393.0	1.66392223668e+49	19.0469148062 
394.0	2.51865546541e+49	18.8047617654 
395.0	3.66416657028e+49	18.9289088156 
396.0	3.66839168552e+49	19.8239787883 
397.0	4.31970085168e+49	19.9458558293 
398.0	5.99104672168e+49	19.9722520582 
399.0	6.94915003438e+49	20.1417579042 
400.0	7.42150168027e+49	20.0934178807 
401.0	7.16414607025e+49	20.1476226814 
402.0	6.4634315117e+49	19.7993899899 
403.0	5.73598183811e+49	19.4642743252 
404.0	5.30887331617e+49	20.1266666649 
405.0	4.89670279233e+49	21.3904682206 
406.0	6.03164096572e+49	21.2388269335 
407.0	6.51575803227e+49	20.9381835228 
408.0	6.76491917518e+49	20.7309198934 
409.0	6.49808410329e+49	20.2516496198 
410.0	5.69831275536e+49	19.7728842921 
411.0	5.11954075646e+49	18.9008285736 
412.0	4.18593440862e+49	18.2836622984 
413.0	3.34681369553e+49	17.6037437828 
414.0	2.96667093394e+49	17.27471302 
415.0	2.79449080984e+49	17.1339506333 
416.0	2.8369025849e+49	16.8306033585 
417.0	4.03548283032e+49	18.1119880932 
418.0	3.82142224178e+49	19.0255278826 
419.0	2.8059456987e+49	17.7464179708 
420.0	2.3299815593e+49	18.0735158172 
421.0	2.4411691911e+49	18.1118453163 
422.0	2.59123724213e+49	17.7753732602 
423.0	2.75208154131e+49	17.5518680831 
424.0	3.00890281722e+49	17.6295665906 
425.0	3.5952415977e+49	18.6865628917 
426.0	4.99259404179e+49	20.1066902555 
427.0	5.04288383214e+49	19.939985102 
428.0	4.81056639099e+49	19.5802954943 
429.0	4.65933134173e+49	19.4336549181 
430.0	4.0709632067e+49	18.3465181022 
431.0	3.81318095938e+49	17.446253574 
432.0	3.62050214423e+49	16.981738317 
433.0	3.38388585514e+49	16.6220825549 
434.0	3.27938398149e+49	16.6741794627 
435.0	3.74391096022e+49	17.5421985571 
436.0	4.58139380415e+49	18.6095185673 
437.0	5.83912107382e+49	19.4576174325 
438.0	7.29118260114e+49	20.64379252 
439.0	8.50245349139e+49	20.9080667242 
440.0	8.98835563346e+49	20.5691007241 
441.0	1.02675016666e+50	20.5454372543 
442.0	1.11321860739e+50	20.5365975216 
443.0	1.15133427045e+50	20.315275396 
444.0	1.15897721888e+50	20.0103728683 
445.0	1.11759154935e+50	19.7236435705 
446.0	1.05078467154e+50	19.4579078611 
447.0	9.8007845063e+49	19.3198822347 
448.0	8.84363959513e+49	19.172762319 
449.0	7.90071370199e+49	19.0176125375 
450.0	7.78934467479e+49	19.622789214 
451.0	8.72603609805e+49	20.7842161755 
452.0	9.47794173825e+49	20.990817775 
453.0	9.2707472179e+49	20.7426842516 
454.0	8.90924363915e+49	20.4403046562 
455.0	9.05990873154e+49	20.2601223284 
456.0	9.35656900496e+49	20.1903727845 
457.0	9.67921193671e+49	20.0286093157 
458.0	9.89173306317e+49	20.0202981158 
459.0	1.02750487641e+50	20.079069701 
460.0	1.0622237472e+50	20.2750591094 
461.0	1.13648470709e+50	20.3035656283 
462.0	1.17907435155e+50	20.3327156729 
463.0	1.23986072907e+50	20.2675024787 
464.0	1.24584533104e+50	20.259079849 
465.0	1.23919423099e+50	20.0536647799 
466.0	1.22032745682e+50	19.8302786897 
467.0	1.16509899217e+50	19.6765680423 
468.0	1.09402735804e+50	19.4744898277 
469.0	1.01321285072e+50	19.4131833572 
470.0	9.47797939605e+49	19.3778744118 
471.0	8.77428044132e+49	19.554667174 
472.0	8.35665072174e+49	19.6205057403 
473.0	8.17481594282e+49	19.7754386884 
474.0	8.55059517743e+49	19.820638694 
475.0	9.05085117898e+49	20.0426744626 
476.0	9.73789168456e+49	20.3698482 
477.0	1.06343298139e+50	20.4068299172 
478.0	1.119237632e+50	20.6156237661 
479.0	1.17763992799e+50	20.845946475 
480.0	1.23653394564e+50	21.1229787974 
481.0	1.32317443708e+50	21.1333283046 
482.0	1.53263978068e+50	20.9995697668 
483.0	1.71361962069e+50	21.3389230579 
484.0	1.8987091409e+50	21.8131988339 
485.0	2.08231401664e+50	22.531518403 
486.0	2.26894366719e+50	23.3161175011 
487.0	2.48376448388e+50	24.0779827744 
488.0	2.63658609167e+50	24.7394670868 
489.0	2.55300039931e+50	24.1117973025 
490.0	2.42697034119e+50	23.4964885724 
491.0	2.28404130451e+50	23.3336177839 
492.0	2.19043457836e+50	23.4353428944 
493.0	2.22607833971e+50	24.0570277897 
494.0	2.41093487606e+50	25.0028938556 
495.0	2.73362915205e+50	26.0987591468 
496.0	3.61741545987e+50	28.1351631774 
497.0	4.11172664097e+50	28.9282266158 
498.0	3.83963411712e+50	28.6954205499 
499.0	3.9459012887e+50	29.0698684893 
500.0	4.42221174023e+50	29.7613033651 
501.0	5.10334753628e+50	30.8158353108 
502.0	6.09497734373e+50	31.8867730093 
503.0	7.19959589737e+50	32.7892247428 
504.0	7.68066142895e+50	32.4228841328 
505.0	8.10991299875e+50	32.0125007123 
506.0	8.60098736587e+50	31.8420978161 
507.0	8.85868515382e+50	31.3990544802 
508.0	9.15533553383e+50	31.0151960395 
509.0	9.4144536304e+50	30.7247830207 
510.0	9.62030023102e+50	30.5073046115 
511.0	9.9690564226e+50	30.362603068 
512.0	1.0285571669e+51	30.0964154482 
513.0	1.08693259947e+51	29.9227543301 
514.0	1.11248742297e+51	29.2330323649 
515.0	1.14193840165e+51	28.8961004953 
516.0	1.17644660538e+51	28.4770284279 
517.0	1.20920510157e+51	28.0905453381 
518.0	1.18029445464e+51	27.8654928243 
519.0	1.10359495199e+51	27.65313033 
520.0	1.07650746662e+51	27.77229953 
521.0	1.00926855416e+51	27.524154857 
522.0	9.35618301653e+50	27.2797275141 
523.0	9.01467491407e+50	27.3413829001 
524.0	8.61496390492e+50	27.3158637953 
525.0	8.13441063247e+50	27.3833416026 
526.0	7.50970926162e+50	27.3824459494 
527.0	7.29455205974e+50	27.3258981289 
528.0	6.62562634675e+50	27.2062932003 
529.0	6.62116433778e+50	27.5000268852 
530.0	6.33382926747e+50	27.5113843993 
531.0	6.17168806986e+50	27.3889092036 
532.0	6.09492017772e+50	27.2877607895 
533.0	6.12838015601e+50	27.464724904 
534.0	6.31435067589e+50	27.4203703983 
535.0	6.33639529287e+50	27.1932971672 
536.0	6.60123011326e+50	26.6377053439 
537.0	7.00681740091e+50	26.6501205851 
538.0	7.49424356067e+50	27.3272559344 
539.0	7.9618111854e+50	28.2137355074 
540.0	8.99284277885e+50	28.3861024556 
541.0	1.04048298053e+51	28.7200274043 
542.0	1.00474063021e+51	29.0371373536 
543.0	9.22078419864e+50	28.911111481 
544.0	9.23876242005e+50	28.4169991186 
545.0	9.55102037193e+50	28.0296546854 
546.0	9.31458709011e+50	28.2937377611 
547.0	9.0833714123e+50	28.2962558227 
548.0	8.93427950977e+50	28.0269058312 
549.0	8.49698632109e+50	27.9569994622 
550.0	8.36818404799e+50	28.1235007971 
551.0	7.7725239357e+50	28.0170345891 
552.0	7.85499093768e+50	27.7644544071 
553.0	7.7434355307e+50	28.4573698577 
554.0	8.00948222251e+50	28.8617185734 
555.0	8.24511122552e+50	28.1187145242 
556.0	7.64889810426e+50	26.8917914444 
557.0	7.47288166465e+50	27.2301547083 
558.0	7.92004005421e+50	28.2051828058 
559.0	7.48893021213e+50	28.1159367142 
560.0	7.00070040024e+50	28.1272540325 
561.0	8.41644522445e+50	29.2215573999 
562.0	9.38600281744e+50	29.8099960445 
563.0	1.01111077775e+51	30.3729087667 
564.0	1.05644722191e+51	30.5942253376 
565.0	1.09789738692e+51	30.743300448 
566.0	1.11226578493e+51	30.5721629159 
567.0	1.10945597926e+51	30.3454838582 
568.0	1.12006108819e+51	30.164286093 
569.0	1.15052478467e+51	30.222857297 
570.0	1.15178368287e+51	30.1899886586 
571.0	1.12630452945e+51	29.8423770183 
572.0	1.11589003074e+51	29.7861424122 
573.0	1.12076271873e+51	29.7621484676 
574.0	1.12217351535e+51	29.546596846 
575.0	1.11460653223e+51	29.4558817354 
576.0	1.12022175154e+51	29.4339733531 
577.0	1.08266438601e+51	28.5590554032 
578.0	1.04036733408e+51	27.9525712194 
579.0	1.04031533283e+51	28.2526857311 
580.0	1.01111362133e+51	28.4441349443 
581.0	9.76969032188e+50	28.3338953679 
582.0	9.82111463666e+50	28.4174106326 
583.0	1.03523209603e+51	28.7996895572 
584.0	1.09237226373e+51	29.1365606162 
585.0	1.12908057318e+51	29.2517504661 
586.0	1.16569276363e+51	29.3966487855 
587.0	1.19820778293e+51	29.5097091657 
588.0	1.225902995e+51	29.5765113694 
589.0	1.25260111796e+51	29.6465636036 
590.0	1.27446681359e+51	29.6442863282 
591.0	1.29468484519e+51	29.6317867104 
592.0	1.31579577468e+51	29.5841234911 
593.0	1.33927783919e+51	29.5167058549 
594.0	1.35776400951e+51	29.4237782485 
595.0	1.37921778844e+51	29.3568292188 
596.0	1.40057414338e+51	29.2934393077 
597.0	1.41844579963e+51	29.2070618551 
598.0	1.43520533583e+51	29.0706031229 
599.0	1.44699288823e+51	28.9941540491 
600.0	1.45111957931e+51	28.9190747723 
601.0	1.4507943077e+51	28.8611246952 
602.0	1.44823197037e+51	28.7879338831 
603.0	1.44691221251e+51	28.7725635372 
604.0	1.44713523892e+51	28.8031756453 
605.0	1.44714649205e+51	28.8624532087 
606.0	1.45022914025e+51	28.983848658 
607.0	1.45315303223e+51	29.1009538537 
608.0	1.4549381923e+51	29.2105409181 
609.0	1.45754953544e+51	29.2589953327 
610.0	1.46305169822e+51	29.2601058213 
611.0	1.46569601614e+51	29.2438433983 
612.0	1.45671005117e+51	29.165740514 
613.0	1.44364361776e+51	29.0371408309 
614.0	1.43004407211e+51	28.9264400733 
615.0	1.41319017088e+51	28.7466386879 
616.0	1.40269189552e+51	28.5553243561 
617.0	1.40230838253e+51	28.4098293473 
618.0	1.42680086337e+51	28.2754054008 
619.0	1.47563378152e+51	28.245155749 
620.0	1.54550904585e+51	28.2789513658 
621.0	1.62287993628e+51	28.3822187139 
622.0	1.68553585035e+51	28.4391518278 
623.0	1.7186709109e+51	28.4432057546 
624.0	1.73134263753e+51	28.3754619017 
625.0	1.72183040152e+51	28.2514188558 
626.0	1.69655519738e+51	28.0444719784 
627.0	1.67382290417e+51	27.8146756993 
628.0	1.6452435911e+51	27.5716580087 
629.0	1.62070084279e+51	27.349658427 
630.0	1.59200104269e+51	27.1252055351 
631.0	1.56174719835e+51	26.876151155 
632.0	1.53120928701e+51	26.6562537823 
633.0	1.50063089231e+51	26.4506565711 
634.0	1.48222641162e+51	26.2547519885 
635.0	1.48714300495e+51	26.1699219406 
636.0	1.50626572378e+51	26.1545330982 
637.0	1.52979516036e+51	26.1882993752 
638.0	1.55647558333e+51	26.2130758487 
639.0	1.58626957191e+51	26.264108368 
640.0	1.62223300485e+51	26.2985421746 
641.0	1.65545167491e+51	26.3647946313 
642.0	1.69569992569e+51	26.4619921984 
643.0	1.73301175212e+51	26.5943988186 
644.0	1.76068417915e+51	26.6725695632 
645.0	1.79527989677e+51	26.7978908627 
646.0	1.82285923279e+51	26.9014250918 
647.0	1.84440780307e+51	26.9794031001 
648.0	1.85078297543e+51	27.0175853772 
649.0	1.85430770463e+51	27.0754751866 
650.0	1.8443700597e+51	27.0807313076 
651.0	1.81979983654e+51	27.0586578921 
652.0	1.77591491869e+51	26.9618957752 
653.0	1.72738532768e+51	26.8136855199 
654.0	1.68009041629e+51	26.6416518011 
655.0	1.63637586414e+51	26.5119008125 
656.0	1.60418073262e+51	26.4224324751 
657.0	1.58051794524e+51	26.3597881074 
658.0	1.56892179136e+51	26.3193691715 
659.0	1.5628855269e+51	26.3191627673 
660.0	1.55970124604e+51	26.3299986428 
661.0	1.55933714663e+51	26.3314212241 
662.0	1.55064894796e+51	26.320634619 
663.0	1.53425520835e+51	26.2798743433 
664.0	1.51241146828e+51	26.2042033389 
665.0	1.52354358235e+51	26.2361420558 
666.0	1.53629607273e+51	26.2891299093 
667.0	1.55583524155e+51	26.3664739542 
668.0	1.58567047816e+51	26.5163305528 
669.0	1.61542654474e+51	26.662716019 
670.0	1.6327122175e+51	26.7624874324 
671.0	1.63819896364e+51	26.783292849 
672.0	1.63689265534e+51	26.7999679327 
673.0	1.62436860567e+51	26.7485697254 
674.0	1.60674240323e+51	26.6990985251 
675.0	1.58494016765e+51	26.6453907281 
676.0	1.56343911111e+51	26.5870067113 
677.0	1.56343911111e+51	26.5870067113 
678.0	1.54811058141e+51	26.5651577469 
679.0	1.52399125263e+51	26.4770541833 
680.0	1.50719920648e+51	26.4246776514 
681.0	1.49272919505e+51	26.3918089721 
682.0	1.46410535611e+51	26.273417406 
683.0	1.44128461946e+51	26.1780636532 
684.0	1.4246076152e+51	26.1147062387 
685.0	1.39478587621e+51	25.9814928055 
686.0	1.37387379492e+51	25.8848337954 
687.0	1.35150120154e+51	25.7817108709 
688.0	1.32449587497e+51	25.6381514415 
689.0	1.30663372101e+51	25.5423077774 
690.0	1.28719761967e+51	25.4345825056 
691.0	1.27425079898e+51	25.3573315048 
692.0	1.26433694421e+51	25.3081791489 
693.0	1.25997996515e+51	25.2745083979 
694.0	1.27337519482e+51	25.3444796743 
695.0	1.29383922035e+51	25.4506574817 
696.0	1.31913607674e+51	25.5941101451 
697.0	1.33449698435e+51	25.659461971 
698.0	1.3518903119e+51	25.7450869084 
699.0	1.36420555763e+51	25.8053806948 
700.0	1.3725525305e+51	25.8672991964 
701.0	1.37916980831e+51	25.9286496616 
702.0	1.38140327134e+51	25.9483495352 
703.0	1.38624612344e+51	25.957805317 
704.0	1.3859987271e+51	25.9278558356 
705.0	1.38610723088e+51	25.872563355 
706.0	1.38823081966e+51	25.8064843189 
707.0	1.38725235776e+51	25.7277292074 
708.0	1.39199603377e+51	25.6765867386 
709.0	1.39512611511e+51	25.6378474351 
710.0	1.40013943046e+51	25.5879634948 
711.0	1.40977325916e+51	25.5719056376 
712.0	1.40993280635e+51	25.4675742805 
713.0	1.41770193989e+51	25.412698884 
714.0	1.42278137274e+51	25.3513472945 
715.0	1.42528624854e+51	25.2520922309 
716.0	1.43790158063e+51	25.19027176 
717.0	1.44187595472e+51	25.096414493 
718.0	1.45178869957e+51	25.0270647446 
719.0	1.46437147325e+51	24.9629650788 
720.0	1.4721736648e+51	24.8778170132 
721.0	1.48749055383e+51	24.8646582534 
722.0	1.4892056316e+51	24.7702044321 
723.0	1.49445370194e+51	24.7096699884 
724.0	1.50044066813e+51	24.6704461557 
725.0	1.49350273777e+51	24.5403469893 
726.0	1.49500350148e+51	24.5006882981 
727.0	1.49807057077e+51	24.4655038003 
728.0	1.50068438897e+51	24.4146851193 
729.0	1.51503613137e+51	24.4062509339 
730.0	1.51723033582e+51	24.3024387213 
731.0	1.54375728761e+51	24.3042773905 
732.0	1.57391252551e+51	24.3315188012 
733.0	1.5995794217e+51	24.3165394162 
734.0	1.62904007458e+51	24.3538043053 
735.0	1.63677566246e+51	24.309063232 
736.0	1.64419864425e+51	24.292560733 
737.0	1.65746055378e+51	24.3070802467 
738.0	1.6561376744e+51	24.2853439599 
739.0	1.67198478801e+51	24.2880945759 
740.0	1.67664192758e+51	24.2839289612 
741.0	1.67973356165e+51	24.2430058009 
742.0	1.67828629466e+51	24.1939097681 
743.0	1.6789591153e+51	24.1703070115 
744.0	1.67374199814e+51	24.0987142452 
745.0	1.67082802825e+51	24.0807889906 
746.0	1.6536400436e+51	23.9821808453 
747.0	1.64400375512e+51	23.8873584127 
748.0	1.63046432593e+51	23.7876565085 
749.0	1.61526353836e+51	23.6600389831 
750.0	1.59370530035e+51	23.5419338419 
751.0	1.5785309264e+51	23.4085261267 
752.0	1.563810064e+51	23.2951720759 
753.0	1.54789002458e+51	23.1786716544 
754.0	1.54150023011e+51	23.1129015944 
755.0	1.52994131172e+51	23.0326467317 
756.0	1.54426756621e+51	23.0256784802 
757.0	1.54621022767e+51	23.0018484184 
758.0	1.56305088362e+51	22.9938429171 
759.0	1.57731365729e+51	23.0284000857 
760.0	1.58258059191e+51	22.9999117402 
761.0	1.60840429933e+51	23.0541326626 
762.0	1.6177684731e+51	23.0515728708 
763.0	1.64462076875e+51	23.0522253817 
764.0	1.66054542834e+51	23.0699132616 
765.0	1.66622944612e+51	23.0092070969 
766.0	1.67935512161e+51	23.0065821296 
767.0	1.66644113814e+51	22.9018043073 
768.0	1.67435347698e+51	22.8672751413 
769.0	1.66764786693e+51	22.8162459788 
770.0	1.66956388236e+51	22.7681411861 
771.0	1.67899454492e+51	22.7574666631 
772.0	1.67419244368e+51	22.715325633 
773.0	1.67281898235e+51	22.6917137016 
774.0	1.66150993919e+51	22.6760745086 
775.0	1.65052143642e+51	22.6212035774 
776.0	1.64617418201e+51	22.6519382321 
777.0	1.62921220303e+51	22.6090490373 
778.0	1.64356283904e+51	22.6415785658 
779.0	1.64417531663e+51	22.632931004 
780.0	1.65332887867e+51	22.6257192243 
781.0	1.65700377807e+51	22.6277209714 
782.0	1.65913290139e+51	22.6002118629 
783.0	1.67443549238e+51	22.5819468884 
784.0	1.68351764144e+51	22.5826629075 
785.0	1.69291033216e+51	22.5678765613 
786.0	1.70739031676e+51	22.5877737742 
787.0	1.71720386453e+51	22.5635025797 
788.0	1.72974919542e+51	22.5671918921 
789.0	1.73458574046e+51	22.5403316859 
790.0	1.74228917426e+51	22.4753446265 
791.0	1.75124574509e+51	22.4700986561 
792.0	1.75200068649e+51	22.4237523658 
793.0	1.75714583787e+51	22.4158815074 
794.0	1.75482284472e+51	22.3447038392 
795.0	1.755194803e+51	22.3081658487 
796.0	1.74802598121e+51	22.2571205816 
797.0	1.74539855924e+51	22.1927177289 
798.0	1.74199384525e+51	22.1473348974 
799.0	1.7409605113e+51	22.0968315664 
800.0	1.74907640821e+51	22.1026380278 
801.0	1.75244443186e+51	22.0914870139 
802.0	1.75644829475e+51	22.1004093455 
803.0	1.76082626233e+51	22.1146757125 
804.0	1.76721177528e+51	22.1076260983 
805.0	1.76828579899e+51	22.0962695153 
806.0	1.76082626233e+51	22.1146757125 
807.0	1.76721177528e+51	22.1076260983 
808.0	1.76828579899e+51	22.0962695153 
809.0	1.7716904036e+51	22.0821092572 
810.0	1.77787222977e+51	22.0841516691 
811.0	1.77967857915e+51	22.0393129182 
812.0	1.78376401952e+51	22.0428306372 
813.0	1.78663861952e+51	22.0241187536 
814.0	1.79501535461e+51	22.0407696664 
815.0	1.79910491361e+51	22.0370487528 
816.0	1.80045752116e+51	21.9955792164 
817.0	1.81079306909e+51	22.0199358315 
818.0	1.80996013513e+51	21.989192179 
819.0	1.82076879329e+51	22.0085780734 
820.0	1.83090472652e+51	22.0447996583 
821.0	1.8311451763e+51	22.0313602619 
822.0	1.83846993882e+51	22.0294984149 
823.0	1.83399829973e+51	22.0077244316 
824.0	1.84819050844e+51	22.0499992592 
825.0	1.85122179791e+51	22.0407499349 
826.0	1.85752663409e+51	22.0410140429 
827.0	1.86079423918e+51	22.0509271329 
828.0	1.85320873881e+51	22.026548081 
829.0	1.85610464001e+51	22.0573670036 
830.0	1.85537367852e+51	22.071923562 
831.0	1.85227185491e+51	22.0554431822 
832.0	1.86021308941e+51	22.0912972719 
833.0	1.85151165494e+51	22.0744682095 
834.0	1.86446228615e+51	22.127990359 
835.0	1.86038361694e+51	22.1122566766 
836.0	1.85835006597e+51	22.1064166562 
837.0	1.85596271127e+51	22.1185892605 
838.0	1.84388993764e+51	22.0882922692 
839.0	1.83775483431e+51	22.0731851688 
840.0	1.81928901044e+51	22.012094329 
841.0	1.79912072048e+51	21.9355399213 
842.0	1.78315318178e+51	21.8886515322 
843.0	1.77763574399e+51	21.868619058 
844.0	1.75726315749e+51	21.7974769521 
845.0	1.74111173483e+51	21.7040619284 
846.0	1.73338925609e+51	21.6762431027 
847.0	1.71333382664e+51	21.6056828517 
848.0	1.70018887183e+51	21.5633945767 
849.0	1.67984771571e+51	21.4844327001 
850.0	1.66344691116e+51	21.4220400545 
851.0	1.64137029131e+51	21.3514986322 
852.0	1.63049514451e+51	21.3028626701 
853.0	1.60709675621e+51	21.2030054427 
854.0	1.59332679642e+51	21.1384822237 
855.0	1.5759496509e+51	21.068642007 
856.0	1.56564128691e+51	21.0250296928 
857.0	1.54410734688e+51	20.959489554 
858.0	1.53135473978e+51	20.9127466128 
859.0	1.51237321883e+51	20.834787975 
860.0	1.50341164852e+51	20.7994041976 
861.0	1.48789196488e+51	20.7513349657 
862.0	1.4855131739e+51	20.7227756106 
863.0	1.47010346089e+51	20.6867456521 
864.0	1.4643521047e+51	20.6613559319 
865.0	1.45682067355e+51	20.6318091394 
866.0	1.44506102918e+51	20.5773987382 
867.0	1.43304126016e+51	20.526854233 
868.0	1.43140959961e+51	20.5130865007 
869.0	1.41962027699e+51	20.4873159729 
870.0	1.41589158884e+51	20.4767149588 
871.0	1.40771114535e+51	20.4653792249 
872.0	1.4039558466e+51	20.4547641 
873.0	1.40078181986e+51	20.4575005162 
874.0	1.3963749543e+51	20.4525414146 
875.0	1.38450062976e+51	20.4186980703 
876.0	1.38148416914e+51	20.3993544457 
877.0	1.3697252041e+51	20.3714539094 
878.0	1.36511651432e+51	20.3445381913 
879.0	1.35656382108e+51	20.320027865 
880.0	1.35310594428e+51	20.3197296935 
881.0	1.34258621556e+51	20.2903902944 
882.0	1.3382318744e+51	20.2807214572 
883.0	1.33087509102e+51	20.2872160432 
884.0	1.32861048394e+51	20.2899039976 
885.0	1.32517226719e+51	20.3092161721 
886.0	1.32960772308e+51	20.3390944156 
887.0	1.32283046305e+51	20.3416697804 
888.0	1.32756565304e+51	20.3857502533 
889.0	1.32732626467e+51	20.4265910382 
890.0	1.32864445371e+51	20.4479303423 
891.0	1.33318360021e+51	20.4788061159 
892.0	1.34576665147e+51	20.4907983494 
893.0	1.34712496428e+51	20.4238864099 
894.0	1.35542450304e+51	20.4302741524 
895.0	1.36056562896e+51	20.3332183891 
896.0	1.36779520591e+51	20.2277605593 
897.0	1.36730255824e+51	20.1874422904 
898.0	1.37022163897e+51	20.1758760664 
899.0	1.37796629202e+51	20.0820717159 
900.0	1.39066253204e+51	20.0398786061 
901.0	1.39998353199e+51	19.9577678078 
902.0	1.41251925307e+51	19.8829313448 
903.0	1.41675132098e+51	19.8595462415 
904.0	1.42566438507e+51	19.7615414284 
905.0	1.42652950763e+51	19.6854359961 
906.0	1.42847448825e+51	19.6492924898 
907.0	1.42430309052e+51	19.6205694916 
908.0	1.41775198877e+51	19.6121993837 
909.0	1.41278137583e+51	19.5920958397 
910.0	1.40516265634e+51	19.5723946299 
911.0	1.40211468982e+51	19.5466246166 
912.0	1.39819148214e+51	19.5213440277 
913.0	1.39408423711e+51	19.5156833328 
914.0	1.38653971611e+51	19.4949152041 
915.0	1.38073163291e+51	19.4689263484 
916.0	1.37490755734e+51	19.4489685104 
917.0	1.37314547031e+51	19.4439194853 
918.0	1.36804270022e+51	19.4398257489 
919.0	1.36488696322e+51	19.4238779651 
920.0	1.36205126488e+51	19.4010122532 
921.0	1.35741801997e+51	19.3833611257 
922.0	1.35559770252e+51	19.3889876378 
923.0	1.35130325234e+51	19.3855535266 
924.0	1.34544625923e+51	19.3610774481 
925.0	1.34717759689e+51	19.3730444524 
926.0	1.3397725443e+51	19.3603129935 
927.0	1.33601291424e+51	19.3525761553 
928.0	1.33389927474e+51	19.3418275194 
929.0	1.33035185048e+51	19.3252027745 
930.0	1.32485273971e+51	19.3076552752 
931.0	1.32172795965e+51	19.3107777495 
932.0	1.3163252645e+51	19.2778082783 
933.0	1.3140441278e+51	19.2687865032 
934.0	1.30661887991e+51	19.2285542785 
935.0	1.30886466626e+51	19.2853091913 
936.0	1.30205503382e+51	19.2650221362 
937.0	1.2926176571e+51	19.225913616 
938.0	1.29088512723e+51	19.2252613421 
939.0	1.28509918428e+51	19.1959013794 
940.0	1.27561975703e+51	19.144834696 
941.0	1.26794734246e+51	19.1010182462 
942.0	1.26592929437e+51	19.0655610748 
943.0	1.25682718538e+51	19.0186080226 
944.0	1.24699384142e+51	18.967555628 
945.0	1.24229130909e+51	18.9503699875 
946.0	1.23923681339e+51	18.9301516759 
947.0	1.23459785891e+51	18.922402438 
948.0	1.23012055022e+51	18.9169933974 
949.0	1.22312269969e+51	18.8616744717 
950.0	1.21887821326e+51	18.8496415026 
951.0	1.21274083523e+51	18.8374458 
952.0	1.20736274043e+51	18.8487693778 
953.0	1.20215213848e+51	18.8379284883 
954.0	1.19448733268e+51	18.827612844 
955.0	1.18880574364e+51	18.8141842388 
956.0	1.18436786479e+51	18.7997187388 
957.0	1.1789304639e+51	18.7934004056 
958.0	1.17210571477e+51	18.781007214 
959.0	1.16541233887e+51	18.7619347866 
960.0	1.16134120329e+51	18.7649686281 
961.0	1.15421304494e+51	18.7426275308 
962.0	1.14673004783e+51	18.7308915229 
963.0	1.14401725892e+51	18.7265581889 
964.0	1.13784743969e+51	18.7049812699 
965.0	1.13364823305e+51	18.70534956 
966.0	1.12675843067e+51	18.6719988608 
967.0	1.12134409325e+51	18.6542770399 
968.0	1.11559987251e+51	18.622316186 
969.0	1.11138429458e+51	18.607850041 
970.0	1.10501618201e+51	18.5754953759 
971.0	1.09864904015e+51	18.5543879126 
972.0	1.09344537721e+51	18.536401103 
973.0	1.08907691312e+51	18.5229082524 
974.0	1.08288561405e+51	18.4868768858 
975.0	1.07837480729e+51	18.4701930174 
976.0	1.07375536275e+51	18.4472667751 
977.0	1.07060878696e+51	18.4264906711 
978.0	1.0658638278e+51	18.3906416076 
979.0	1.06259207627e+51	18.3759629503 
980.0	1.06038228451e+51	18.3642738801 
981.0	1.05543608311e+51	18.3414171082 
982.0	1.05144837257e+51	18.3008025762 
983.0	1.05154094232e+51	18.3040923413 
984.0	1.04651277292e+51	18.2771546682 
985.0	1.03995398717e+51	18.2557323217 
986.0	1.03617293989e+51	18.23264073 
987.0	1.0374855573e+51	18.2343594758 
988.0	1.03203942513e+51	18.2049152245 
989.0	1.02717258723e+51	18.1984783965 
990.0	1.03005852718e+51	18.1779883231 
991.0	1.0287351615e+51	18.1815082437 
992.0	1.02286093737e+51	18.1560100736 
993.0	1.02283244581e+51	18.1600715667 
994.0	1.02408942025e+51	18.1517600011 
995.0	1.02216772153e+51	18.1696666897 
996.0	1.02158520346e+51	18.1593657331 
997.0	1.02436748448e+51	18.1765874573 
998.0	1.01834126057e+51	18.1662305708 
999.0	1.02308759365e+51	18.1694560975 
1000.0	1.02413385645e+51	18.1632225261 
1001.0	1.02318045339e+51	18.1816827557 
1002.0	1.02329791987e+51	18.1634987654 
1003.0	1.02119021543e+51	18.1352907188 
1004.0	1.02794864737e+51	18.1204910583 
1005.0	1.02783539556e+51	18.1296354804 
1006.0	1.02219674501e+51	18.1059386581 
1007.0	1.02390862726e+51	18.0926721341 
1008.0	1.03097709557e+51	18.0959790285 
1009.0	1.02678735424e+51	18.0739398269 
1010.0	1.02445866408e+51	18.0715479143 
1011.0	1.02749359456e+51	18.069328304 
1012.0	1.02410926983e+51	18.0495697614 
1013.0	1.02329591442e+51	18.0340434607 
1014.0	1.0271496322e+51	18.0214531631 
1015.0	1.02824583312e+51	17.9983348603 
1016.0	1.02839345969e+51	17.9828333324 
1017.0	1.02757931827e+51	17.9665261471 
1018.0	1.02977321719e+51	17.9608336616 
1019.0	1.03278356059e+51	17.9500524507 
1020.0	1.03052261545e+51	17.9403864157 
1021.0	1.03002526112e+51	17.9210312348 
1022.0	1.03131777361e+51	17.9121112953 
1023.0	1.02566415685e+51	17.8838219346 
1024.0	1.02597665161e+51	17.8574496128 
1025.0	1.02828730485e+51	17.8376859387 
1026.0	1.02556592348e+51	17.8174651405 
1027.0	1.02352184751e+51	17.8040570854 
1028.0	1.02523314585e+51	17.7850510646 
1029.0	1.0242683756e+51	17.7717296833 
1030.0	1.0197555769e+51	17.7515471794 
1031.0	1.02439271366e+51	17.7468989373 
1032.0	1.02373460508e+51	17.7387811095 
1033.0	1.02031699533e+51	17.7256001528 
1034.0	1.02383969638e+51	17.7190173652 
1035.0	1.01814165847e+51	17.7069967727 
1036.0	1.0188461689e+51	17.6935128249 
1037.0	1.0172553892e+51	17.6822901342 
1038.0	1.01444758961e+51	17.6667898523 
1039.0	1.01319451945e+51	17.657860595 
1040.0	1.01082738256e+51	17.6503232567 
1041.0	1.01347788015e+51	17.6226039702 
1042.0	1.00883325921e+51	17.60873621 
1043.0	1.01111711166e+51	17.6025437792 
1044.0	1.0093274196e+51	17.5969226265 
1045.0	1.01091319997e+51	17.587118444 
1046.0	1.00843183144e+51	17.5623659021 
1047.0	1.00892672004e+51	17.5561103907 
1048.0	1.01107527407e+51	17.5289491568 
1049.0	1.00736104131e+51	17.5095345942 
1050.0	1.01075484642e+51	17.5135523114 
1051.0	1.00987090672e+51	17.458287009 
1052.0	1.00935377682e+51	17.4367225953 
1053.0	1.01135529204e+51	17.4435699252 
1054.0	1.01269310507e+51	17.4025316253 
1055.0	1.01050774249e+51	17.3663418845 
1056.0	1.01220655163e+51	17.3720156567 
1057.0	1.01290124984e+51	17.3255343786 
1058.0	1.0112473639e+51	17.2787757244 
1059.0	1.0126875e+51	17.2899581759 
1060.0	1.01524912912e+51	17.246799779 
1061.0	1.01347566371e+51	17.1961102127 
1062.0	1.01213828243e+51	17.1807723379 
1063.0	1.01563135967e+51	17.1933030106 
1064.0	1.01648394747e+51	17.1334749778 
1065.0	1.01052976511e+51	17.098368088 
1066.0	1.01203961433e+51	17.1070857899 
1067.0	1.01428662458e+51	17.0748555478 
1068.0	1.00745662755e+51	17.0427527119 
1069.0	1.01109103313e+51	17.046170541 
1070.0	1.00933662263e+51	17.0000692912 
1071.0	1.00411617698e+51	16.9915113752 
1072.0	1.00244202472e+51	16.9689253083 
1073.0	1.00213970956e+51	16.9370032695 
1074.0	9.93025375994e+50	16.9021641441 
1075.0	9.97323878124e+50	16.9126124771 
1076.0	9.94426035302e+50	16.8833986862 
1077.0	9.88938214336e+50	16.8767965328 
1078.0	9.83549580543e+50	16.8429942226 
1079.0	9.81885518602e+50	16.8555710623 
1080.0	9.7928264043e+50	16.8181967525 
1081.0	9.75272488876e+50	16.8005906339 
1082.0	9.74876792848e+50	16.8043090435 
1083.0	9.72790552766e+50	16.7619530863 
1084.0	9.70008882115e+50	16.7597409662 
1085.0	9.70682990516e+50	16.746400873 
1086.0	9.71373527975e+50	16.7324578193 
1087.0	9.66406056591e+50	16.7270106167 
1088.0	9.64299987765e+50	16.7043468712 
1089.0	9.6437538883e+50	16.6835281172 
1090.0	9.592726071e+50	16.6847601902 
1091.0	9.58016499159e+50	16.6787364607 
1092.0	9.55692626506e+50	16.6556787378 
1093.0	9.52288586093e+50	16.6534056224 
1094.0	9.50253476917e+50	16.6502378607 
1095.0	9.46627876224e+50	16.6214345779 
1096.0	9.47838331684e+50	16.6377952798 
1097.0	9.42193655347e+50	16.5993930361 
1098.0	9.41448520588e+50	16.5922383182 
1099.0	9.39542533878e+50	16.6074810959 
1100.0	9.34021582937e+50	16.5730488427 
1101.0	9.3632110877e+50	16.6014205028 
1102.0	9.31368876823e+50	16.5664202834 
1103.0	9.2909841181e+50	16.5233784017 
1104.0	9.34964290544e+50	16.5695447742 
1105.0	9.27882413427e+50	16.542460051 
1106.0	9.25147937771e+50	16.5046913264 
1107.0	9.26678569569e+50	16.5454645903 
1108.0	9.21822174013e+50	16.5150282645 
1109.0	9.20789866982e+50	16.4938723366 
1110.0	9.21374442879e+50	16.50901431 
1111.0	9.16658904873e+50	16.4832421542 
1112.0	9.17072053668e+50	16.4706946539 
1113.0	9.16875878183e+50	16.4757702615 
1114.0	9.1400490583e+50	16.4709298118 
1115.0	9.13699282373e+50	16.4665025159 
1116.0	9.12799432096e+50	16.4767399272 
1117.0	9.10720111972e+50	16.4649001224 
1118.0	9.11098896623e+50	16.4560378463 
1119.0	9.12642415861e+50	16.4623440028 
1120.0	9.11314611651e+50	16.4585337102 
1121.0	9.10631671498e+50	16.4501002551 
1122.0	9.11197076608e+50	16.4418112038 
1123.0	9.1188965322e+50	16.4522949305 
1124.0	9.11231352203e+50	16.4337816899 
1125.0	9.11986969575e+50	16.4334500417 
1126.0	9.13441143771e+50	16.4457347279 
1127.0	9.12081002621e+50	16.4371644456 
1128.0	9.13590414656e+50	16.4238708901 
1129.0	9.14056848417e+50	16.4486262381 
1130.0	9.13613552672e+50	16.4417074019 
1131.0	9.14375800053e+50	16.4395850452 
1132.0	9.15122177542e+50	16.4426632581 
1133.0	9.14591684011e+50	16.4493915605 
1134.0	9.14904538223e+50	16.4396628169 
1135.0	9.17132996857e+50	16.4707223433 
1136.0	9.13896405178e+50	16.4562289531 
1137.0	9.14792039794e+50	16.4529142981 
1138.0	9.14965668255e+50	16.4599141376 
1139.0	9.15516405771e+50	16.4667980582 
1140.0	9.17551681842e+50	16.4753572665 
1141.0	9.17182960478e+50	16.4726912457 
1142.0	9.1594862516e+50	16.4678165164 
1143.0	9.16230952725e+50	16.4627063924 
1144.0	9.17433672548e+50	16.4868664023 
1145.0	9.18113365398e+50	16.4794963028 
1146.0	9.1937217027e+50	16.4756053195 
1147.0	9.20287319805e+50	16.4712119689 
1148.0	9.22199000141e+50	16.4807509139 
1149.0	9.21628819555e+50	16.464919005 
1150.0	9.24961341394e+50	16.4690220088 
1151.0	9.24603088299e+50	16.4758863893 
1152.0	9.24263323035e+50	16.4505673231 
1153.0	9.2406453919e+50	16.4447282017 
1154.0	9.25330654789e+50	16.4411517301 
1155.0	9.23931037489e+50	16.4347515041 
1156.0	9.23250908314e+50	16.4287899839 
1157.0	9.23547696516e+50	16.4157174924 
1158.0	9.22142530134e+50	16.4036971722 
1159.0	9.28675841244e+50	16.4160690153 
1160.0	9.24252067089e+50	16.3950076707 
1161.0	9.22668595172e+50	16.3833445373 
1162.0	9.26733668725e+50	16.4080122316 
1163.0	9.23717674061e+50	16.3940498258 
1164.0	9.21534737805e+50	16.3698015217 
1165.0	9.23105947436e+50	16.3620613637 
1166.0	9.23760806292e+50	16.3558245971 
1167.0	9.22987076206e+50	16.3472690543 
1168.0	9.22038640642e+50	16.3283635502 
1169.0	9.23026477889e+50	16.3185205477 
1170.0	9.23466070577e+50	16.3108052837 
1171.0	9.22980438409e+50	16.295015802 
1172.0	9.23468604683e+50	16.2900184717 
1173.0	9.21748207543e+50	16.2582556118 
1174.0	9.21136351998e+50	16.2483817549 
1175.0	9.25225230501e+50	16.2655125901 
1176.0	9.22496866855e+50	16.2427184827 
1177.0	9.19802367728e+50	16.2236267093 
1178.0	9.22918030947e+50	16.2352220976 
1179.0	9.19300114414e+50	16.2098127842 
1180.0	9.17973333253e+50	16.1848945996 
1181.0	9.19673371602e+50	16.1990653854 
1182.0	9.15904385147e+50	16.1725384269 
1183.0	9.11932392897e+50	16.1508735533 
1184.0	9.11830303132e+50	16.1466955306 
1185.0	9.10951769851e+50	16.1195830699 
1186.0	9.09478794613e+50	16.1079052298 
1187.0	9.05189004763e+50	16.086984582 
1188.0	9.02927889006e+50	16.0654468529 
1189.0	9.02421102596e+50	16.0597729438 
1190.0	8.99138440404e+50	16.0344669655 
1191.0	8.95186530894e+50	16.011637821 
1192.0	8.95381059426e+50	15.9975373088 
1193.0	8.94484100589e+50	15.9827997325 
1194.0	8.89746495015e+50	15.9527545674 
1195.0	8.88575156897e+50	15.9344372474 
1196.0	8.90947685331e+50	15.9375113587 
1197.0	8.84973014022e+50	15.9157214657 
1198.0	8.80522075177e+50	15.8895798608 
1199.0	8.85508773979e+50	15.8975432728 
1200.0	8.79327239868e+50	15.8618640587 
1201.0	8.75365134052e+50	15.8510036597 
1202.0	8.79785318862e+50	15.8445605951 
1203.0	8.75423820569e+50	15.8269778748 
1204.0	8.7158138058e+50	15.8133664806 
1205.0	8.73532617026e+50	15.824004212 
1206.0	8.67371761434e+50	15.7891158931 
1207.0	8.67845130045e+50	15.7928320078 
1208.0	8.66456478e+50	15.7881600866 
1209.0	8.6196103845e+50	15.7554802891 
1210.0	8.63881588593e+50	15.7627961625 
1211.0	8.59756598976e+50	15.7454060802 
1212.0	8.59527184961e+50	15.7361295562 
1213.0	8.58056315383e+50	15.732736658 
1214.0	8.53466805591e+50	15.7090227819 
1215.0	8.56004576692e+50	15.7246077989 
1216.0	8.48587758446e+50	15.6956959897 
1217.0	8.494802711e+50	15.6835750712 
1218.0	8.48516865627e+50	15.6903213146 
1219.0	8.42573188981e+50	15.6556903984 
1220.0	8.4863947706e+50	15.6744978542 
1221.0	8.4108715726e+50	15.6438174984 
1222.0	8.37414252593e+50	15.6389531759 
1223.0	8.36157240675e+50	15.632587507 
1224.0	8.30813443898e+50	15.614346195 
1225.0	8.31882444921e+50	15.6265365936 
1226.0	8.26261116431e+50	15.611004892 
1227.0	8.24866939311e+50	15.6047917413 
1228.0	8.23046827402e+50	15.5879496455 
1229.0	8.20868469773e+50	15.593089605 
1230.0	8.16303006441e+50	15.5767582212 
1231.0	8.15799968076e+50	15.576359789 
1232.0	8.09467415671e+50	15.5485316589 
1233.0	8.11960009548e+50	15.5588889987 
1234.0	8.08251986872e+50	15.5478278852 
1235.0	8.08872457052e+50	15.5545757901 
1236.0	8.10669543889e+50	15.5708253205 
1237.0	8.0537537538e+50	15.5459345728 
1238.0	8.05976717222e+50	15.5715525834 
1239.0	8.0295381561e+50	15.5582317058 
1240.0	8.02520127499e+50	15.5652304335 
1241.0	8.00998214292e+50	15.5572160118 
1242.0	7.99990545947e+50	15.5553225526 
1243.0	7.96728446086e+50	15.547500885 
1244.0	7.94308106914e+50	15.5313273101 
1245.0	7.93513085002e+50	15.5396855428 
1246.0	7.88990854339e+50	15.5326939138 
1247.0	7.8828600869e+50	15.5264102818 
1248.0	7.87565225415e+50	15.5260645061 
1249.0	7.84954713402e+50	15.5166255279 
1250.0	7.86390353652e+50	15.5254626403 
1251.0	7.81028232029e+50	15.4981342924 
1252.0	7.7875892303e+50	15.4930291154 
1253.0	7.79729605062e+50	15.4983175156 
1254.0	7.74242865253e+50	15.4792617546 
1255.0	7.7624394343e+50	15.4939427275 
1256.0	7.75438324409e+50	15.4991606722 
1257.0	7.72067776e+50	15.454968844 
1258.0	7.74116633544e+50	15.4510836724 
1259.0	7.6997683062e+50	15.441978175 
1260.0	7.69426110416e+50	15.4305540533 
1261.0	7.68982417974e+50	15.4299363593 
1262.0	7.646905381e+50	15.4151649897 
1263.0	7.65801718228e+50	15.4053663983 
1264.0	7.6432895705e+50	15.3908456965 
1265.0	7.63851479335e+50	15.3859892046 
1266.0	7.63046566298e+50	15.3668223117 
1267.0	7.62937064423e+50	15.3690228228 
1268.0	7.60562907976e+50	15.3588421202 
1269.0	7.58300078877e+50	15.3383908322 
1270.0	7.59909478365e+50	15.3429653387 
1271.0	7.59191940989e+50	15.3417671558 
1272.0	7.55214708436e+50	15.314405545 
1273.0	7.5626449533e+50	15.3218230047 
1274.0	7.53668052758e+50	15.3012465384 
1275.0	7.51631492155e+50	15.2806371607 
1276.0	7.52939300552e+50	15.2815610279 
1277.0	7.49060543545e+50	15.2570547719 
1278.0	7.48547007518e+50	15.2669807494 
1279.0	7.46853849729e+50	15.2454324372 
1280.0	7.44819340237e+50	15.2302648904 
1281.0	7.42965789665e+50	15.2157013635 
1282.0	7.41886097431e+50	15.2003451042 
1283.0	7.4008613686e+50	15.1961331405 
1284.0	7.39500183016e+50	15.1789203113 
1285.0	7.36712029942e+50	15.1594690502 
1286.0	7.35904227596e+50	15.1517969288 
1287.0	7.37460064574e+50	15.1381712508 
1288.0	7.3326909976e+50	15.1156534228 
1289.0	7.34541975031e+50	15.1285171787 
1290.0	7.31055080058e+50	15.106415386 
1291.0	7.2921282066e+50	15.0882572415 
1292.0	7.29781535098e+50	15.095186794 
1293.0	7.28212021734e+50	15.0604490323 
1294.0	7.24539763014e+50	15.0464859233 
1295.0	7.2653412127e+50	15.0531809246 
1296.0	7.22473949578e+50	15.033343663 
1297.0	7.20007786078e+50	15.0262378244 
1298.0	7.19703947831e+50	15.0202845842 
1299.0	7.17534799339e+50	15.0025881641 
1300.0	7.15214211131e+50	14.9949190958 
1301.0	7.14801701194e+50	14.9822181661 
1302.0	7.14080187659e+50	14.9842799741 
1303.0	7.10626129893e+50	14.9679538455 
1304.0	7.0677343485e+50	14.9462742398 
1305.0	7.06841796372e+50	14.9367702531 
1306.0	7.0794285802e+50	14.9356123762 
1307.0	7.02611246303e+50	14.9132519286 
1308.0	7.02484175886e+50	14.9183029958 
1309.0	7.02057653311e+50	14.9140890379 
1310.0	6.99096275149e+50	14.9058725804 
1311.0	6.97393667988e+50	14.8833375915 
1312.0	6.99558994427e+50	14.8902661008 
1313.0	6.96484323531e+50	14.8787651136 
1314.0	6.9667634942e+50	14.8697857696 
1315.0	6.97189366946e+50	14.8642939968 
1316.0	6.91597081018e+50	14.8408843047 
1317.0	6.90643676584e+50	14.8108366513 
1318.0	6.87806216819e+50	14.8001605997 
1319.0	6.88631492265e+50	14.8005793208 
1320.0	6.84168368821e+50	14.7701055339 
1321.0	6.82951259137e+50	14.7645051976 
1322.0	6.82415052593e+50	14.7524256301 
1323.0	6.81500014054e+50	14.7320840637 
1324.0	6.7619968567e+50	14.7123883769 
1325.0	6.70699306707e+50	14.6764486228 
1326.0	6.71619483875e+50	14.6684285463 
1327.0	6.74551932826e+50	14.681325243 
1328.0	6.69006988372e+50	14.6496408213 
1329.0	6.63690780708e+50	14.6159725542 
1330.0	6.62431361564e+50	14.6049321628 
1331.0	6.66343139472e+50	14.6261313581 
1332.0	6.61670790372e+50	14.6018508807 
1333.0	6.52804163848e+50	14.555817163 
1334.0	6.53722347047e+50	14.549532894 
1335.0	6.57863869958e+50	14.5580531219 
1336.0	6.53718418923e+50	14.5415234924 
1337.0	6.45375668211e+50	14.5095986263 
1338.0	6.46896522968e+50	14.5074788895 
1339.0	6.47159290984e+50	14.5104380928 
1340.0	6.43888264349e+50	14.5086419836 
1341.0	6.38635507232e+50	14.4653939967 
1342.0	6.41192301328e+50	14.4759388796 
1343.0	6.42530804635e+50	14.4807558687 
1344.0	6.33445939651e+50	14.4268481871 
1345.0	6.39470927121e+50	14.4502363163 
1346.0	6.37083674829e+50	14.45081083 
1347.0	6.27553249957e+50	14.3975709573 
1348.0	6.3098024152e+50	14.4013338879 
1349.0	6.29309514845e+50	14.3826402212 
1350.0	6.26934581308e+50	14.3657416042 
1351.0	6.19610139444e+50	14.3290735373 
1352.0	6.2382131365e+50	14.3533385597 
1353.0	6.27934958481e+50	14.371261947 
1354.0	6.16029130813e+50	14.331246222 
1355.0	6.13235882889e+50	14.3072601112 
1356.0	6.12314767732e+50	14.2938892581 
1357.0	6.14056676788e+50	14.3111425259 
1358.0	6.07978855503e+50	14.2730283959 
1359.0	6.1218943787e+50	14.2729384125 
1360.0	6.15500487079e+50	14.3036521902 
1361.0	6.07067153245e+50	14.2620782693 
1362.0	6.00361938799e+50	14.2429620412 
1363.0	5.91443793066e+50	14.1769054987 
1364.0	5.96769226472e+50	14.2051477429 
1365.0	5.93479646057e+50	14.1913489061 
1366.0	5.92285639654e+50	14.1804381097 
1367.0	5.91788819111e+50	14.1943217989 
1368.0	6.00154689982e+50	14.2343583434 
1369.0	5.88390779839e+50	14.183074562 
1370.0	5.82470656727e+50	14.1428166284 
1371.0	5.86093809795e+50	14.1551647458 
1372.0	5.82611338533e+50	14.1350756116 
1373.0	5.79621533657e+50	14.1273902164 
1374.0	5.83155990512e+50	14.13214045 
1375.0	5.8302026475e+50	14.1393579056 
1376.0	5.72439194889e+50	14.0756511875 
1377.0	5.66869841232e+50	14.0442381137 
1378.0	5.6183254179e+50	14.0096224571 
1379.0	5.63970945399e+50	14.022601798 
1380.0	5.63226610026e+50	14.0238431119 
1381.0	5.58055725187e+50	13.9972424582 
1382.0	5.59897164442e+50	14.0057241842 
1383.0	5.65718607236e+50	14.0317498129 
1384.0	5.64300022337e+50	14.0047688075 
1385.0	5.63020880666e+50	13.9988099533 
1386.0	5.50884122232e+50	13.9491296537 
1387.0	5.51492237015e+50	13.9564209835 
1388.0	5.48912284677e+50	13.9487877959 
1389.0	5.47793660725e+50	13.943803793 
1390.0	5.51484910951e+50	13.959475211 
1391.0	5.53027697546e+50	13.9574595619 
1392.0	5.49143278914e+50	13.9431485298 
1393.0	5.41442440782e+50	13.9080954244 
1394.0	5.33621957928e+50	13.874269662 
1395.0	5.35122707099e+50	13.8854813043 
1396.0	5.33241988901e+50	13.8770242559 
1397.0	5.30775316108e+50	13.8509590284 
1398.0	5.31444279502e+50	13.8616442316 
1399.0	5.3198390814e+50	13.8600104074 
1400.0	5.33647447804e+50	13.860959431 
1401.0	5.32026295666e+50	13.8645914453 
1402.0	5.27727438774e+50	13.8502181866 
1403.0	5.13817376456e+50	13.7604801884 
1404.0	5.11012999168e+50	13.7422018383 
1405.0	5.11006768174e+50	13.7418466143 
1406.0	5.10570261105e+50	13.748925957 
1407.0	5.0911961585e+50	13.7461080635 
1408.0	5.09181160694e+50	13.7439672238 
1409.0	5.12116940781e+50	13.7649068993 
1410.0	5.15478870993e+50	13.7928185263 
1411.0	5.11512211589e+50	13.739582177 
1412.0	5.09222357759e+50	13.7359181213 
1413.0	4.98902325538e+50	13.6810776781 
1414.0	4.9934474846e+50	13.6792531195 
1415.0	4.98194543832e+50	13.6833863358 
1416.0	5.00040156318e+50	13.6987701664 
1417.0	5.03540828956e+50	13.7134832714 
1418.0	5.00130759408e+50	13.691306842 
1419.0	4.93060305253e+50	13.6344681652 
1420.0	4.96144195795e+50	13.6505589571 
1421.0	4.85307935607e+50	13.6212881878 
1422.0	4.81920567812e+50	13.6010382521 
1423.0	4.81681244546e+50	13.604306227 
1424.0	4.81048607733e+50	13.5943570086 
1425.0	4.81501024245e+50	13.5962489617 
1426.0	4.81876528009e+50	13.6034408875 
1427.0	4.83089709218e+50	13.6071078858 
1428.0	4.81112771457e+50	13.5900877029 
1429.0	4.78407862294e+50	13.5751050933 
1430.0	4.70737109538e+50	13.5232066026 
1431.0	4.66551953723e+50	13.5078840331 
1432.0	4.64183593211e+50	13.5007853003 
1433.0	4.64100305421e+50	13.5024192665 
1434.0	4.61809320662e+50	13.4877815578 
1435.0	4.65090916279e+50	13.5206131361 
1436.0	4.69657942344e+50	13.561093939 
1437.0	4.69684393635e+50	13.5762852392 
1438.0	4.61366638491e+50	13.5238768817 
1439.0	4.60880090819e+50	13.5201894735 
1440.0	4.61709349644e+50	13.512993034 
1441.0	4.6224764299e+50	13.5146144021 
1442.0	4.65265403983e+50	13.5509232347 
1443.0	4.637997345e+50	13.5208822416 
1444.0	4.62229550898e+50	13.4917961611 
1445.0	4.55391832465e+50	13.4581328538 
1446.0	4.52114650584e+50	13.4398409325 
1447.0	4.49801337267e+50	13.4266287872 
1448.0	4.46673279999e+50	13.4092039505 
1449.0	4.45385629408e+50	13.4001487609 
1450.0	4.43019629579e+50	13.3770199747 
1451.0	4.41535676407e+50	13.3617915556 
1452.0	4.43385325674e+50	13.3629164285 
1453.0	4.4318593495e+50	13.3622503955 
1454.0	4.4121509813e+50	13.3487664737 
1455.0	4.40340631878e+50	13.333061202 
1456.0	4.40617270633e+50	13.3416245253 
1457.0	4.42612415812e+50	13.3712814757 
1458.0	4.36899939571e+50	13.3442470309 
1459.0	4.31013201958e+50	13.3052962497 
1460.0	4.28669447838e+50	13.297633948 
1461.0	4.26954480709e+50	13.2860092254 
1462.0	4.25820984947e+50	13.2771839992 
1463.0	4.26517234063e+50	13.2827276497 
1464.0	4.30291194815e+50	13.3006453812 
1465.0	4.32980408106e+50	13.3196193583 
1466.0	4.25509194684e+50	13.2725007503 
1467.0	4.21437300977e+50	13.2536034595 
1468.0	4.1981023741e+50	13.2466513988 
1469.0	4.19199940783e+50	13.2496737991 
1470.0	4.23449850505e+50	13.2804939705 
1471.0	4.25943945877e+50	13.2970412248 
1472.0	4.27793943164e+50	13.293080874 
1473.0	4.25302375722e+50	13.2879821257 
1474.0	4.16179887833e+50	13.2242435086 
1475.0	4.13757880928e+50	13.2172128206 
1476.0	4.11365806869e+50	13.1988978437 
1477.0	4.10764125534e+50	13.1867187319 
1478.0	4.11773992631e+50	13.1932569538 
1479.0	4.14265115766e+50	13.2035026958 
1480.0	4.15344499754e+50	13.2114230227 
1481.0	4.13097500803e+50	13.182822798 
1482.0	4.07721390188e+50	13.1361616608 
1483.0	4.03383676651e+50	13.0991856041 
1484.0	4.01465167991e+50	13.082389795 
1485.0	3.9969406201e+50	13.06347689 
1486.0	3.96727173421e+50	13.0433724044 
1487.0	3.97010783676e+50	13.0364030758 
1488.0	4.00122304202e+50	13.0329585073 
1489.0	4.02022466122e+50	13.057688986 
1490.0	4.00450940056e+50	13.0516392843 
1491.0	3.98306123899e+50	13.0270926805 
1492.0	3.98194443564e+50	13.0145419872 
1493.0	3.94899810717e+50	13.0032661813 
1494.0	3.89754760284e+50	12.9550038771 
1495.0	3.86567716366e+50	12.9353380384 
1496.0	3.85706350211e+50	12.9229118304 
1497.0	3.8358309816e+50	12.9212472035 
1498.0	3.86483383408e+50	12.9279963765 
1499.0	3.87813199401e+50	12.9242795224 
1500.0	3.88060610458e+50	12.9326944393 
1501.0	3.86788795741e+50	12.9190828909 
1502.0	3.86723374886e+50	12.9152812758 
1503.0	3.86083192644e+50	12.9065773962 
1504.0	3.8279194857e+50	12.8845835271 
1505.0	3.77893066606e+50	12.8472002657 
1506.0	3.74657439177e+50	12.8353176204 
1507.0	3.72056270217e+50	12.8040280143 
1508.0	3.70848812323e+50	12.7953361178 
1509.0	3.71976776517e+50	12.7936716652 
1510.0	3.75789258004e+50	12.8182147802 
1511.0	3.75788952674e+50	12.8446824294 
1512.0	3.69473619874e+50	12.7856014149 
1513.0	3.65730599715e+50	12.7641107053 
1514.0	3.64130357893e+50	12.7481492459 
1515.0	3.63264730179e+50	12.7278409101 
1516.0	3.6453689467e+50	12.7237876198 
1517.0	3.63042709381e+50	12.7178124204 
1518.0	3.6242582841e+50	12.7046405726 
1519.0	3.61557612204e+50	12.6846753505 
1520.0	3.60728034692e+50	12.6765259434 
1521.0	3.61329592392e+50	12.6834076494 
1522.0	3.59923757987e+50	12.6731077991 
1523.0	3.6019959282e+50	12.6447452373 
1524.0	3.5905457711e+50	12.6482899354 
1525.0	3.52189531922e+50	12.5861856974 
1526.0	3.47716825662e+50	12.5545467 
1527.0	3.4640809021e+50	12.5445073348 
1528.0	3.47577577667e+50	12.5469581725 
1529.0	3.49804090691e+50	12.5421637279 
1530.0	3.48792510675e+50	12.5388670977 
1531.0	3.47268474344e+50	12.5198210832 
1532.0	3.46613090255e+50	12.5057320481 
1533.0	3.4619084016e+50	12.4887173741 
1534.0	3.45062788037e+50	12.4788757603 
1535.0	3.4348320389e+50	12.482355483 
1536.0	3.38446476278e+50	12.4354948678 
1537.0	3.35984768243e+50	12.4277766272 
1538.0	3.34755704823e+50	12.4158456914 
1539.0	3.33217342832e+50	12.3995612381 
1540.0	3.3279448948e+50	12.3980571189 
1541.0	3.33933445907e+50	12.4069634014 
1542.0	3.35036823282e+50	12.4099563205 
1543.0	3.37293488244e+50	12.4275509232 
1544.0	3.34818454169e+50	12.4085502321 
1545.0	3.28415983012e+50	12.3474427632 
1546.0	3.26016229278e+50	12.3326379252 
1547.0	3.24715488371e+50	12.3349910168 
1548.0	3.24748213539e+50	12.3301926896 
1549.0	3.24404363955e+50	12.3288401841 
1550.0	3.26486015537e+50	12.3439574379 
1551.0	3.25153154963e+50	12.3406154478 
1552.0	3.20535150032e+50	12.2775966791 
1553.0	3.2176260995e+50	12.2870237055 
1554.0	3.16255631518e+50	12.2359753607 
1555.0	3.15266915695e+50	12.2276378851 
1556.0	3.13472711739e+50	12.2032323016 
1557.0	3.12782512452e+50	12.1850711269 
1558.0	3.11573127602e+50	12.1710913686 
1559.0	3.11242907287e+50	12.1579477268 
1560.0	3.11923387209e+50	12.1686670393 
1561.0	3.13957503638e+50	12.1755856415 
1562.0	3.14347852148e+50	12.1883967833 
1563.0	3.13413363806e+50	12.1677408556 
1564.0	3.07395354898e+50	12.1100948806 
1565.0	3.05994530574e+50	12.1073771651 
1566.0	3.0362106016e+50	12.069561061 
1567.0	3.02589900223e+50	12.0597658493 
1568.0	3.02377794766e+50	12.0646383005 
1569.0	3.02633526883e+50	12.0668067521 
1570.0	3.02634782568e+50	12.0675009627 
1571.0	3.05002407761e+50	12.0863877592 
1572.0	3.04692626379e+50	12.0956176319 
1573.0	3.04581759521e+50	12.0912393512 
1574.0	3.02261174837e+50	12.0758152411 
1575.0	3.05328095853e+50	12.0809278753 
1576.0	3.03899931823e+50	12.0843779777 
1577.0	3.02571299466e+50	12.086336808 
1578.0	2.98494384794e+50	12.0505429945 
1579.0	2.96603947185e+50	12.0458224613 
1580.0	2.91913132788e+50	12.0306525347 
1581.0	2.94537536376e+50	12.0370207873 
1582.0	2.96830016533e+50	12.0522731925 
1583.0	2.9715332673e+50	12.0523686551 
1584.0	2.9747403158e+50	12.0803821584 
1585.0	2.98643695766e+50	12.0833912284 
1586.0	2.97446717572e+50	12.0697470325 
1587.0	2.96098790159e+50	12.07871747 
1588.0	2.92912173833e+50	12.0376481849 
1589.0	2.88290316113e+50	12.0054904349 
1590.0	2.87777760238e+50	11.9942661963 
1591.0	2.87217554861e+50	11.9834943553 
1592.0	2.89028966832e+50	11.9848239008 
1593.0	2.891812969e+50	11.9925859163 
1594.0	2.91225780259e+50	12.0217333326 
1595.0	2.91368361046e+50	12.0259846007 
1596.0	2.91316264185e+50	12.0125099192 
1597.0	2.90720322042e+50	12.0032320655 
1598.0	2.90295474113e+50	11.9930156789 
1599.0	2.89543772915e+50	11.9791111921 
1600.0	2.93356754047e+50	12.0143582054 
1601.0	2.93365080017e+50	12.0422204237 
1602.0	2.89668245616e+50	12.0001350714 
1603.0	2.85463641112e+50	11.9443970966 
1604.0	2.84861525356e+50	11.9537815167 
1605.0	2.85813977444e+50	11.9448281854 
1606.0	2.8541637682e+50	11.9401352945 
1607.0	2.84783406738e+50	11.9386223128 
1608.0	2.85492468734e+50	11.9324717745 
1609.0	2.84150037472e+50	11.9263217516 
1610.0	2.83952176919e+50	11.9315248515 
1611.0	2.82071144435e+50	11.938885682 
1612.0	2.81038961783e+50	11.9037865732 
1613.0	2.81876660832e+50	11.9079442075 
1614.0	2.80858774787e+50	11.9053732294 
1615.0	2.8113075859e+50	11.9073873034 
1616.0	2.80850474313e+50	11.9023475861 
1617.0	2.8791137871e+50	11.9640392353 
1618.0	2.84015807862e+50	11.9731451531 
1619.0	2.80137949399e+50	11.9161977857 
1620.0	2.80970369858e+50	11.9029439765 
1621.0	2.81826336885e+50	11.8964844035 
1622.0	2.82219164747e+50	11.9014548641 
1623.0	2.83347522467e+50	11.8892165541 
1624.0	2.82744986157e+50	11.8709985554 
1625.0	2.80484054607e+50	11.8595262031 
1626.0	2.81889421087e+50	11.8565834637 
1627.0	2.7814775477e+50	11.8481058743 
1628.0	2.76327163657e+50	11.8486182467 
1629.0	2.76197076684e+50	11.8392683621 
1630.0	2.84701044386e+50	11.8993770033 
1631.0	2.82654362507e+50	11.8817585352 
1632.0	2.76975061377e+50	11.8448627197 
1633.0	2.81707115616e+50	11.8620872056 
1634.0	2.82983106729e+50	11.876164191 
1635.0	2.75209925547e+50	11.833576509 
1636.0	2.71644119119e+50	11.7779258044 
1637.0	2.72570526451e+50	11.783010884 
1638.0	2.71210904881e+50	11.7791121597 
1639.0	2.71346780679e+50	11.7683392525 
1640.0	2.70392920695e+50	11.7448752739 
1641.0	2.68453996554e+50	11.7507762708 
1642.0	2.67511473735e+50	11.753512152 
1643.0	2.66491791691e+50	11.7423211309 
1644.0	2.66821786037e+50	11.7484054654 
1645.0	2.72693099218e+50	11.7814741828 
1646.0	2.74932130947e+50	11.7956391843 
1647.0	2.69084788517e+50	11.747190103 
1648.0	2.66319778641e+50	11.7267374247 
1649.0	2.67515833331e+50	11.7280610553 
1650.0	2.65883044628e+50	11.7108091535 
1651.0	2.65352114954e+50	11.6869406222 
1652.0	2.62987527596e+50	11.6709485218 
1653.0	2.62058518791e+50	11.6682470724 
1654.0	2.6152346482e+50	11.6628414626 
1655.0	2.60432768847e+50	11.6531344655 
1656.0	2.59139517248e+50	11.6410715865 
1657.0	2.58872677459e+50	11.6176155943 
1658.0	2.59401186946e+50	11.6275656726 
1659.0	2.58951887363e+50	11.6140888614 
1660.0	2.60115416708e+50	11.6241489102 
1661.0	2.61462744902e+50	11.6225905804 
1662.0	2.60793005819e+50	11.6202315288 
1663.0	2.60189164156e+50	11.6107049909 
1664.0	2.6064908322e+50	11.6150841844 
1665.0	2.61789854097e+50	11.6288253788 
1666.0	2.58835793921e+50	11.5961597451 
1667.0	2.58477835233e+50	11.590617208 
1668.0	2.56043757522e+50	11.5680192608 
1669.0	2.53826685788e+50	11.5590720704 
1670.0	2.52235938767e+50	11.5344413949 
1671.0	2.513758877e+50	11.5352343482 
1672.0	2.50473425377e+50	11.5022082938 
1673.0	2.50826612735e+50	11.4928409744 
1674.0	2.50606050486e+50	11.4831274217 
1675.0	2.48431252876e+50	11.4702658529 
1676.0	2.48156196084e+50	11.4525892911 
1677.0	2.49625456731e+50	11.4548347342 
1678.0	2.50333506153e+50	11.4587321409 
1679.0	2.50824021206e+50	11.4584096179 
1680.0	2.56351774984e+50	11.5061870489 
1681.0	2.54406806707e+50	11.5029343554 
1682.0	2.56468660849e+50	11.5061547812 
1683.0	2.53673411926e+50	11.4902430344 
1684.0	2.47025072836e+50	11.4343699091 
1685.0	2.46104650423e+50	11.4118267095 
1686.0	2.45484322362e+50	11.4046166518 
1687.0	2.44035568257e+50	11.3912942575 
1688.0	2.43812016738e+50	11.380081658 
1689.0	2.43644154407e+50	11.3713331887 
1690.0	2.44786265324e+50	11.3802711201 
1691.0	2.49322446721e+50	11.4117030282 
1692.0	2.52028702226e+50	11.4294018148 
1693.0	2.54362401405e+50	11.4546779099 
1694.0	2.50141177984e+50	11.4285557534 
1695.0	2.42059992712e+50	11.3361193487 
1696.0	2.41314492574e+50	11.318403263 
1697.0	2.40229160343e+50	11.32053278 
1698.0	2.3801375915e+50	11.3052907473 
1699.0	2.37537183025e+50	11.3065306427 
1700.0	2.36764486684e+50	11.3002981841 
1701.0	2.36418063657e+50	11.2917602621 
1702.0	2.36845020325e+50	11.2828415951 
1703.0	2.36120544944e+50	11.2728307661 
