-100.0	0.0	nan 
-99.0	0.0	nan 
-98.0	0.0	nan 
-97.0	0.0	nan 
-96.0	0.0	nan 
-95.0	0.0	nan 
-94.0	0.0	nan 
-93.0	0.0	nan 
-92.0	0.0	nan 
-91.0	0.0	nan 
-90.0	0.0	nan 
-89.0	0.0	nan 
-88.0	0.0	nan 
-87.0	0.0	nan 
-86.0	0.0	nan 
-85.0	0.0	nan 
-84.0	0.0	nan 
-83.0	0.0	nan 
-82.0	0.0	nan 
-81.0	0.0	nan 
-80.0	0.0	nan 
-79.0	0.0	nan 
-78.0	0.0	nan 
-77.0	0.0	nan 
-76.0	0.0	nan 
-75.0	0.0	nan 
-74.0	0.0	nan 
-73.0	0.0	nan 
-72.0	0.0	nan 
-71.0	0.0	nan 
-70.0	0.0	nan 
-69.0	0.0	nan 
-68.0	0.0	nan 
-67.0	0.0	nan 
-66.0	0.0	nan 
-65.0	0.0	nan 
-64.0	0.0	nan 
-63.0	0.0	nan 
-62.0	0.0	nan 
-61.0	0.0	nan 
-60.0	0.0	nan 
-59.0	0.0	nan 
-58.0	0.0	nan 
-57.0	0.0	nan 
-56.0	0.0	nan 
-55.0	0.0	nan 
-54.0	0.0	nan 
-53.0	0.0	nan 
-52.0	0.0	nan 
-51.0	0.0	nan 
-50.0	0.0	nan 
-49.0	0.0	nan 
-48.0	0.0	nan 
-47.0	0.0	nan 
-46.0	0.0	nan 
-45.0	0.0	nan 
-44.0	0.0	nan 
-43.0	0.0	nan 
-42.0	0.0	nan 
-41.0	0.0	nan 
-40.0	0.0	nan 
-39.0	0.0	nan 
-38.0	0.0	nan 
-37.0	0.0	nan 
-36.0	0.0	nan 
-35.0	0.0	nan 
-34.0	0.0	nan 
-33.0	0.0	nan 
-32.0	0.0	nan 
-31.0	0.0	nan 
-30.0	0.0	nan 
-29.0	0.0	nan 
-28.0	0.0	nan 
-27.0	0.0	nan 
-26.0	0.0	nan 
-25.0	0.0	nan 
-24.0	0.0	nan 
-23.0	0.0	nan 
-22.0	0.0	nan 
-21.0	0.0	nan 
-20.0	0.0	nan 
-19.0	0.0	nan 
-18.0	0.0	nan 
-17.0	0.0	nan 
-16.0	0.0	nan 
-15.0	0.0	nan 
-14.0	0.0	nan 
-13.0	0.0	nan 
-12.0	0.0	nan 
-11.0	0.0	nan 
-10.0	0.0	nan 
-9.0	0.0	nan 
-8.0	0.0	nan 
-7.0	0.0	nan 
-6.0	0.0	nan 
-5.0	0.0	nan 
-4.0	0.0	nan 
-3.0	0.0	nan 
-2.0	0.0	nan 
-1.0	0.0	nan 
0.0	0.0	nan 
1.0	0.0	nan 
2.0	0.0	nan 
3.0	0.0	nan 
4.0	0.0	nan 
5.0	0.0	nan 
6.0	0.0	nan 
7.0	0.0	nan 
8.0	0.0	nan 
9.0	0.0	nan 
10.0	0.0	nan 
11.0	0.0	nan 
12.0	0.0	nan 
13.0	0.0	nan 
14.0	0.0	nan 
15.0	0.0	nan 
16.0	0.0	nan 
17.0	0.0	nan 
18.0	0.0	nan 
19.0	0.0	nan 
20.0	0.0	nan 
21.0	0.0	nan 
22.0	0.0	nan 
23.0	0.0	nan 
24.0	0.0	nan 
25.0	0.0	nan 
26.0	0.0	nan 
27.0	0.0	nan 
28.0	0.0	nan 
29.0	0.0	nan 
30.0	0.0	nan 
31.0	0.0	nan 
32.0	0.0	nan 
33.0	0.0	nan 
34.0	0.0	nan 
35.0	0.0	nan 
36.0	0.0	nan 
37.0	0.0	nan 
38.0	0.0	nan 
39.0	0.0	nan 
40.0	0.0	nan 
41.0	0.0	nan 
42.0	0.0	nan 
43.0	0.0	nan 
44.0	0.0	nan 
45.0	0.0	nan 
46.0	0.0	nan 
47.0	0.0	nan 
48.0	0.0	nan 
49.0	0.0	nan 
50.0	0.0	nan 
51.0	0.0	nan 
52.0	0.0	nan 
53.0	0.0	nan 
54.0	0.0	nan 
55.0	0.0	nan 
56.0	0.0	nan 
57.0	0.0	nan 
58.0	0.0	nan 
59.0	0.0	nan 
60.0	0.0	nan 
61.0	0.0	nan 
62.0	0.0	nan 
63.0	0.0	nan 
64.0	0.0	nan 
65.0	0.0	nan 
66.0	0.0	nan 
67.0	0.0	nan 
68.0	0.0	nan 
69.0	0.0	nan 
70.0	0.0	nan 
71.0	0.0	nan 
72.0	0.0	nan 
73.0	0.0	nan 
74.0	0.0	nan 
75.0	0.0	nan 
76.0	0.0	nan 
77.0	0.0	nan 
78.0	0.0	nan 
79.0	0.0	nan 
80.0	0.0	nan 
81.0	0.0	nan 
82.0	0.0	nan 
83.0	0.0	nan 
84.0	0.0	nan 
85.0	0.0	nan 
86.0	0.0	nan 
87.0	0.0	nan 
88.0	0.0	nan 
89.0	0.0	nan 
90.0	0.0	nan 
91.0	0.0	nan 
92.0	0.0	nan 
93.0	0.0	nan 
94.0	0.0	nan 
95.0	0.0	nan 
96.0	0.0	nan 
97.0	0.0	nan 
98.0	0.0	nan 
99.0	0.0	nan 
100.0	0.0	nan 
101.0	0.0	nan 
102.0	0.0	nan 
103.0	0.0	nan 
104.0	0.0	nan 
105.0	0.0	nan 
106.0	0.0	nan 
107.0	0.0	nan 
108.0	0.0	nan 
109.0	0.0	nan 
110.0	0.0	nan 
111.0	0.0	nan 
112.0	0.0	nan 
113.0	0.0	nan 
114.0	0.0	nan 
115.0	0.0	nan 
116.0	0.0	nan 
117.0	0.0	nan 
118.0	0.0	nan 
119.0	0.0	nan 
120.0	0.0	nan 
121.0	0.0	nan 
122.0	0.0	nan 
123.0	0.0	nan 
124.0	0.0	nan 
125.0	0.0	nan 
126.0	0.0	nan 
127.0	0.0	nan 
128.0	0.0	nan 
129.0	0.0	nan 
130.0	0.0	nan 
131.0	0.0	nan 
132.0	0.0	nan 
133.0	0.0	nan 
134.0	0.0	nan 
135.0	0.0	nan 
136.0	0.0	nan 
137.0	0.0	nan 
138.0	0.0	nan 
139.0	0.0	nan 
140.0	0.0	nan 
141.0	0.0	nan 
142.0	0.0	nan 
143.0	0.0	nan 
144.0	0.0	nan 
145.0	0.0	nan 
146.0	0.0	nan 
147.0	0.0	nan 
148.0	0.0	nan 
149.0	0.0	nan 
150.0	0.0	nan 
151.0	0.0	nan 
152.0	0.0	nan 
153.0	0.0	nan 
154.0	0.0	nan 
155.0	0.0	nan 
156.0	0.0	nan 
157.0	0.0	nan 
158.0	0.0	nan 
159.0	0.0	nan 
160.0	0.0	nan 
161.0	0.0	nan 
162.0	0.0	nan 
163.0	0.0	nan 
164.0	0.0	nan 
165.0	0.0	nan 
166.0	0.0	nan 
167.0	0.0	nan 
168.0	0.0	nan 
169.0	0.0	nan 
170.0	0.0	nan 
171.0	0.0	nan 
172.0	0.0	nan 
173.0	0.0	nan 
174.0	0.0	nan 
175.0	0.0	nan 
176.0	0.0	nan 
177.0	0.0	nan 
178.0	0.0	nan 
179.0	0.0	nan 
180.0	0.0	nan 
181.0	0.0	nan 
182.0	0.0	nan 
183.0	0.0	nan 
184.0	0.0	nan 
185.0	0.0	nan 
186.0	0.0	nan 
187.0	0.0	nan 
188.0	0.0	nan 
189.0	0.0	nan 
190.0	0.0	nan 
191.0	0.0	nan 
192.0	0.0	nan 
193.0	0.0	nan 
194.0	0.0	nan 
195.0	0.0	nan 
196.0	0.0	nan 
197.0	0.0	nan 
198.0	0.0	nan 
199.0	0.0	nan 
200.0	0.0	nan 
201.0	0.0	nan 
202.0	0.0	nan 
203.0	0.0	nan 
204.0	0.0	nan 
205.0	0.0	nan 
206.0	0.0	nan 
207.0	0.0	nan 
208.0	0.0	nan 
209.0	0.0	nan 
210.0	0.0	nan 
211.0	0.0	nan 
212.0	0.0	nan 
213.0	0.0	nan 
214.0	0.0	nan 
215.0	0.0	nan 
216.0	0.0	nan 
217.0	0.0	nan 
218.0	0.0	nan 
219.0	0.0	nan 
220.0	0.0	nan 
221.0	0.0	nan 
222.0	0.0	nan 
223.0	0.0	nan 
224.0	0.0	nan 
225.0	0.0	nan 
226.0	0.0	nan 
227.0	0.0	nan 
228.0	0.0	nan 
229.0	0.0	nan 
230.0	0.0	nan 
231.0	0.0	nan 
232.0	0.0	nan 
233.0	0.0	nan 
234.0	0.0	nan 
235.0	0.0	nan 
236.0	0.0	nan 
237.0	0.0	nan 
238.0	0.0	nan 
239.0	0.0	nan 
240.0	0.0	nan 
241.0	0.0	nan 
242.0	0.0	nan 
243.0	0.0	nan 
244.0	0.0	nan 
245.0	0.0	nan 
246.0	0.0	nan 
247.0	0.0	nan 
248.0	0.0	nan 
249.0	0.0	nan 
250.0	0.0	nan 
251.0	0.0	nan 
252.0	0.0	nan 
253.0	0.0	nan 
254.0	0.0	nan 
255.0	0.0	nan 
256.0	0.0	nan 
257.0	0.0	nan 
258.0	0.0	nan 
259.0	0.0	nan 
260.0	0.0	nan 
261.0	0.0	nan 
262.0	0.0	nan 
263.0	0.0	nan 
264.0	0.0	nan 
265.0	0.0	nan 
266.0	0.0	nan 
267.0	0.0	nan 
268.0	0.0	nan 
269.0	0.0	nan 
270.0	0.0	nan 
271.0	0.0	nan 
272.0	0.0	nan 
273.0	0.0	nan 
274.0	0.0	nan 
275.0	0.0	nan 
276.0	0.0	nan 
277.0	0.0	nan 
278.0	0.0	nan 
279.0	0.0	nan 
280.0	0.0	nan 
281.0	0.0	nan 
282.0	0.0	nan 
283.0	0.0	nan 
284.0	0.0	nan 
285.0	0.0	nan 
286.0	0.0	nan 
287.0	0.0	nan 
288.0	0.0	nan 
289.0	0.0	nan 
290.0	0.0	nan 
291.0	0.0	nan 
292.0	0.0	nan 
293.0	0.0	nan 
294.0	0.0	nan 
295.0	0.0	nan 
296.0	0.0	nan 
297.0	0.0	nan 
298.0	0.0	nan 
299.0	0.0	nan 
300.0	0.0	nan 
301.0	0.0	nan 
302.0	0.0	nan 
303.0	0.0	nan 
304.0	0.0	nan 
305.0	0.0	nan 
306.0	0.0	nan 
307.0	0.0	nan 
308.0	0.0	nan 
309.0	0.0	nan 
310.0	0.0	nan 
311.0	0.0	nan 
312.0	0.0	nan 
313.0	0.0	nan 
314.0	0.0	nan 
315.0	0.0	nan 
316.0	0.0	nan 
317.0	0.0	nan 
318.0	0.0	nan 
319.0	0.0	nan 
320.0	0.0	nan 
321.0	0.0	nan 
322.0	0.0	nan 
323.0	0.0	nan 
324.0	0.0	nan 
325.0	0.0	nan 
326.0	0.0	nan 
327.0	0.0	nan 
328.0	0.0	nan 
329.0	0.0	nan 
330.0	0.0	nan 
331.0	0.0	nan 
332.0	0.0	nan 
333.0	0.0	nan 
334.0	0.0	nan 
335.0	0.0	nan 
336.0	0.0	nan 
337.0	0.0	nan 
338.0	0.0	nan 
339.0	0.0	nan 
340.0	0.0	nan 
341.0	0.0	nan 
342.0	0.0	nan 
343.0	0.0	nan 
344.0	0.0	nan 
345.0	0.0	nan 
346.0	0.0	nan 
347.0	0.0	nan 
348.0	0.0	nan 
349.0	0.0	nan 
350.0	0.0	nan 
351.0	0.0	nan 
352.0	0.0	nan 
353.0	0.0	nan 
354.0	0.0	nan 
355.0	0.0	nan 
356.0	0.0	nan 
357.0	0.0	nan 
358.0	0.0	nan 
359.0	0.0	nan 
360.0	0.0	nan 
361.0	0.0	nan 
362.0	0.0	nan 
363.0	2.43994929018e+49	11.1757918436 
364.0	1.78370719299e+49	12.9310419459 
365.0	2.10847671269e+49	11.5094919641 
366.0	2.52256400561e+49	12.7696079412 
367.0	2.00093495817e+49	12.8046203697 
368.0	1.17024254363e+49	13.514153539 
369.0	8.82108632254e+48	14.5770922326 
370.0	7.8041592844e+48	14.1015895337 
371.0	6.15205266305e+48	14.4463690169 
372.0	5.07056507477e+48	14.0951791962 
373.0	4.2745987401e+48	14.3167977842 
374.0	1.98069023402e+49	14.5095353688 
375.0	1.8133897597e+49	15.5576407183 
376.0	4.09077029842e+49	15.6916502154 
377.0	4.30978446002e+49	16.8795223709 
378.0	4.4883776466e+49	17.3541093205 
379.0	4.06023836262e+49	17.9010391228 
380.0	3.60159597827e+49	18.1708483048 
381.0	3.03479784906e+49	18.346657298 
382.0	2.58728654363e+49	18.5894352583 
383.0	2.27439439905e+49	19.3403692445 
384.0	2.33204051354e+49	19.1782888118 
385.0	2.41950701089e+49	19.2510907267 
386.0	2.4259986848e+49	18.9072911528 
387.0	2.39529512105e+49	18.5532250474 
388.0	2.29348100673e+49	18.2678188406 
389.0	2.15306785287e+49	18.0787956685 
390.0	1.84612659612e+49	18.5346529927 
391.0	1.71281223564e+49	18.3539009371 
392.0	1.49048346206e+49	18.5849192112 
393.0	1.82267424123e+49	18.8573964281 
394.0	2.53258323639e+49	18.3442960849 
395.0	3.55065217454e+49	19.2229652204 
396.0	3.60838302961e+49	19.699464058 
397.0	4.3260784586e+49	20.0394766064 
398.0	6.02270267077e+49	19.9913669629 
399.0	6.99142291381e+49	20.2183760674 
400.0	7.33777055063e+49	20.1612196093 
401.0	7.18594600272e+49	19.9303664956 
402.0	6.58000158114e+49	19.6675386361 
403.0	5.71884243579e+49	19.5063015467 
404.0	4.94738910827e+49	20.0841039817 
405.0	5.31150818293e+49	21.2697618894 
406.0	5.77149107633e+49	21.5754863065 
407.0	6.27275914177e+49	21.2840496433 
408.0	6.48810954805e+49	20.9372054601 
409.0	6.32516400881e+49	20.3543652099 
410.0	5.77447194841e+49	19.7620465872 
411.0	4.86048503596e+49	19.2590349944 
412.0	4.13474176152e+49	18.3800308681 
413.0	3.50369136184e+49	17.4818570246 
414.0	2.96358174249e+49	17.3059215494 
415.0	2.81713365151e+49	17.0231869939 
416.0	2.88221096052e+49	16.9026280857 
417.0	3.62687018983e+49	18.6598465464 
418.0	3.83212005938e+49	18.6695874369 
419.0	2.85684502206e+49	18.1466550751 
420.0	2.51204272807e+49	17.5032162953 
421.0	2.38346401095e+49	18.1975247571 
422.0	2.54256644154e+49	17.8117436767 
423.0	2.62411130459e+49	17.7030132326 
424.0	2.88486355297e+49	17.7526668715 
425.0	3.50757838641e+49	18.7034216897 
426.0	4.77401764161e+49	19.8243259263 
427.0	5.08607905855e+49	19.9854135393 
428.0	4.79326155991e+49	19.5547814403 
429.0	4.61184681905e+49	19.3352317237 
430.0	4.03057878289e+49	18.4748458201 
431.0	3.69138532968e+49	17.6019840942 
432.0	3.48123031468e+49	17.0478830335 
433.0	3.24292580705e+49	16.7280508608 
434.0	3.22841368233e+49	16.6080066192 
435.0	3.61262551989e+49	17.5601641101 
436.0	4.41854638654e+49	18.7551299171 
437.0	5.61796843402e+49	19.6355473981 
438.0	6.93536902978e+49	20.727300347 
439.0	8.09782727727e+49	20.9999299661 
440.0	8.67903842197e+49	20.6715059211 
441.0	9.73924194012e+49	20.658734124 
442.0	1.0699147312e+50	20.5734397173 
443.0	1.10769485132e+50	20.3390884803 
444.0	1.11099108759e+50	20.0495613964 
445.0	1.07370668879e+50	19.7537319561 
446.0	1.01388425324e+50	19.527202411 
447.0	9.43540856318e+49	19.4328156923 
448.0	8.59377185452e+49	19.1894844707 
449.0	7.68097616551e+49	19.1194974614 
450.0	7.54143934141e+49	19.7575225742 
451.0	8.29658496417e+49	20.7771275093 
452.0	9.02192935659e+49	20.9594286177 
453.0	8.91254698984e+49	20.7048271735 
454.0	8.57358841724e+49	20.3696926817 
455.0	8.56642772698e+49	20.323903723 
456.0	8.83499365651e+49	20.2470815824 
457.0	9.14483875146e+49	20.0729018555 
458.0	9.51312358574e+49	19.8907578824 
459.0	9.73360158498e+49	20.0503617096 
460.0	1.01008284304e+50	20.2132300168 
461.0	1.06546074502e+50	20.3327652951 
462.0	1.10979009157e+50	20.3449078719 
463.0	1.16261609929e+50	20.3110018437 
464.0	1.18471817626e+50	20.1896183976 
465.0	1.1748340843e+50	19.9957977284 
466.0	1.15270320826e+50	19.8132205273 
467.0	1.10261439777e+50	19.6483222985 
468.0	1.02324840455e+50	19.538001721 
469.0	9.43525724019e+49	19.4896881329 
470.0	8.92146062924e+49	19.3487668819 
471.0	8.26761599198e+49	19.4974443173 
472.0	7.7476074024e+49	19.6771593507 
473.0	7.58518365659e+49	19.8073371719 
474.0	7.76778008027e+49	19.9704369559 
475.0	8.16794683106e+49	20.1608118269 
476.0	8.85327165489e+49	20.3513956737 
477.0	9.52768985056e+49	20.4861810356 
478.0	1.02340089811e+50	20.5240531188 
479.0	1.06287149145e+50	20.7914632516 
480.0	1.13496913134e+50	20.8266017849 
481.0	1.19536219421e+50	20.9511877474 
482.0	1.36060614871e+50	20.8918562019 
483.0	1.52469136005e+50	21.2434851474 
484.0	1.7102969468e+50	21.636474604 
485.0	1.89246122242e+50	22.3425796441 
486.0	2.05494575094e+50	23.1280050522 
487.0	2.24210138087e+50	23.9219880012 
488.0	2.38666317062e+50	24.5151566211 
489.0	2.29635509541e+50	23.9889320074 
490.0	2.18932901316e+50	23.359079313 
491.0	2.06941710701e+50	23.0722529771 
492.0	1.93377929228e+50	23.2027224002 
493.0	1.95741741315e+50	23.6868688758 
494.0	2.09063343658e+50	24.6818759653 
495.0	2.35350749417e+50	25.8880182898 
496.0	3.08471821993e+50	27.6652061878 
497.0	3.51780219736e+50	28.7802716209 
498.0	3.32725535229e+50	28.5994625998 
499.0	3.31831105354e+50	28.5835496672 
500.0	3.6718718771e+50	29.2671898631 
501.0	4.24580480004e+50	30.2928982484 
502.0	5.06118103135e+50	31.6178168852 
503.0	5.83873571909e+50	32.4942962855 
504.0	6.22049768911e+50	32.2201852077 
505.0	6.539787943e+50	31.8283960485 
506.0	6.93007373397e+50	31.6616192185 
507.0	7.11657622797e+50	31.2538008463 
508.0	7.37891837e+50	30.8413805939 
509.0	7.66056427366e+50	30.5815155054 
510.0	7.89878036351e+50	30.3809364374 
511.0	8.12358209514e+50	30.2012424854 
512.0	8.33756734929e+50	29.9849333901 
513.0	8.88435254765e+50	29.8511162839 
514.0	9.20444174716e+50	29.276653102 
515.0	9.29528814028e+50	28.8716358035 
516.0	9.64203824635e+50	28.4760932636 
517.0	1.02465636413e+51	28.1642433934 
518.0	1.00059071462e+51	27.9154536875 
519.0	9.55110325256e+50	27.7300877049 
520.0	9.37276263363e+50	27.9396431655 
521.0	8.85102703318e+50	27.6713232611 
522.0	8.32444717777e+50	27.4503497129 
523.0	8.14656502716e+50	27.5273734984 
524.0	7.73973721464e+50	27.5789586149 
525.0	7.40486864456e+50	27.5498318912 
526.0	6.93164129059e+50	27.5669701693 
527.0	6.57220649445e+50	27.4367447662 
528.0	6.13017119912e+50	27.42350609 
529.0	6.12487290187e+50	27.6542218858 
530.0	5.82140617189e+50	27.7098323053 
531.0	5.70561754835e+50	27.6231065457 
532.0	5.60054816207e+50	27.5605865092 
533.0	5.66115160609e+50	27.7649580806 
534.0	5.80240058363e+50	27.7470079792 
535.0	5.76490087399e+50	27.4621401058 
536.0	5.97817029075e+50	26.7079939397 
537.0	6.45594873888e+50	26.2636538814 
538.0	6.68326755079e+50	26.9067721956 
539.0	7.0662234421e+50	27.6210644167 
540.0	7.65087221014e+50	27.7119824926 
541.0	9.06968456893e+50	28.3136939376 
542.0	8.49490987829e+50	28.7304075753 
543.0	7.84664305394e+50	28.6731518478 
544.0	7.67386898244e+50	28.0906377966 
545.0	7.93332334716e+50	27.7015578282 
546.0	8.0593523518e+50	27.9430990801 
547.0	7.6730279028e+50	27.979420421 
548.0	7.54276654873e+50	27.7696653853 
549.0	7.16182544034e+50	27.6778715848 
550.0	6.93619577291e+50	27.8454357554 
551.0	6.54836809684e+50	27.720105236 
552.0	6.44569911464e+50	27.4032634061 
553.0	6.41191191106e+50	27.9891048294 
554.0	6.62265227332e+50	28.4330754441 
555.0	6.69075143391e+50	27.9246787765 
556.0	6.55580636908e+50	26.6860422386 
557.0	6.38334864256e+50	26.8484599264 
558.0	6.47161950134e+50	27.6203441132 
559.0	6.16659417964e+50	27.6866267304 
560.0	5.8604255573e+50	27.384510511 
561.0	6.8851583909e+50	28.2204875341 
562.0	7.6611420223e+50	28.7931119492 
563.0	8.21271738112e+50	29.2599166515 
564.0	8.57562816053e+50	29.4198738709 
565.0	8.90266267943e+50	29.4935169248 
566.0	9.02818789605e+50	29.3345816238 
567.0	8.9997536262e+50	29.1213865455 
568.0	9.11614116192e+50	28.9761372287 
569.0	9.38998192693e+50	29.0318040419 
570.0	9.44013132174e+50	29.0268076513 
571.0	9.28426018621e+50	28.7196934875 
572.0	9.20712399297e+50	28.5837485535 
573.0	9.2083827299e+50	28.5424387633 
574.0	9.2055890452e+50	28.3676517905 
575.0	9.17701960304e+50	28.2576787673 
576.0	9.14948418239e+50	28.2921070932 
577.0	8.89862100559e+50	27.6474140717 
578.0	8.89495338355e+50	27.0936731821 
579.0	8.83491040204e+50	27.2411354225 
580.0	8.4680574008e+50	27.381396161 
581.0	8.18556493311e+50	27.3061350226 
582.0	8.27016088548e+50	27.372446697 
583.0	8.64308079856e+50	27.6938186007 
584.0	9.14260096466e+50	28.0147615703 
585.0	9.49250536181e+50	28.1138806571 
586.0	9.85543166749e+50	28.2665104439 
587.0	1.01769985356e+51	28.3909757535 
588.0	1.04663800265e+51	28.4840849544 
589.0	1.07470436489e+51	28.5735717609 
590.0	1.10177737393e+51	28.5949490455 
591.0	1.12946536533e+51	28.5941741113 
592.0	1.15721775287e+51	28.5800826912 
593.0	1.18474942387e+51	28.5694333717 
594.0	1.20788958944e+51	28.5162082091 
595.0	1.23235863049e+51	28.4806382939 
596.0	1.25541212841e+51	28.4502747523 
597.0	1.27458607869e+51	28.3971621579 
598.0	1.29244664555e+51	28.2975621017 
599.0	1.30641887992e+51	28.2519728385 
600.0	1.31385103913e+51	28.1989190654 
601.0	1.31540662138e+51	28.1397466384 
602.0	1.31512666202e+51	28.0474524353 
603.0	1.3124144253e+51	28.0173242172 
604.0	1.3071963303e+51	28.0137660148 
605.0	1.30205673024e+51	28.0305467325 
606.0	1.29995517785e+51	28.0954313367 
607.0	1.29613978774e+51	28.1678051937 
608.0	1.28718901652e+51	28.2331447017 
609.0	1.27847425336e+51	28.240903749 
610.0	1.27250466921e+51	28.2499114224 
611.0	1.2704347477e+51	28.2504221079 
612.0	1.26835660782e+51	28.2272053161 
613.0	1.26705813768e+51	28.1555995099 
614.0	1.26179038041e+51	28.0827987709 
615.0	1.25159896388e+51	27.9294859627 
616.0	1.25243675033e+51	27.7012136592 
617.0	1.26157285899e+51	27.5585144067 
618.0	1.28812213473e+51	27.4618725916 
619.0	1.32916147256e+51	27.4441067533 
620.0	1.37695496126e+51	27.4930025605 
621.0	1.42428121253e+51	27.5481664364 
622.0	1.4618933057e+51	27.587628014 
623.0	1.48999939438e+51	27.5731582501 
624.0	1.49721995796e+51	27.536814871 
625.0	1.48727220487e+51	27.42758643 
626.0	1.45972887608e+51	27.2676590941 
627.0	1.42899255463e+51	27.0549157756 
628.0	1.40191579141e+51	26.8174301674 
629.0	1.3839466895e+51	26.6211792008 
630.0	1.36035527794e+51	26.4433634267 
631.0	1.33357209308e+51	26.229271197 
632.0	1.30747897006e+51	26.0250698801 
633.0	1.28607179344e+51	25.8244759783 
634.0	1.27155776823e+51	25.659444504 
635.0	1.27687724755e+51	25.5594603982 
636.0	1.2934245865e+51	25.5580221161 
637.0	1.31604631461e+51	25.6219703805 
638.0	1.34089403113e+51	25.7023628778 
639.0	1.36887317006e+51	25.7964788608 
640.0	1.40210131454e+51	25.8717882991 
641.0	1.43677874681e+51	25.9630759784 
642.0	1.47999948939e+51	26.0623647938 
643.0	1.52127891477e+51	26.2161184655 
644.0	1.55368977845e+51	26.318742333 
645.0	1.59180139191e+51	26.4411247654 
646.0	1.6248888065e+51	26.5671155403 
647.0	1.6442554156e+51	26.6876260923 
648.0	1.65083783779e+51	26.7378089129 
649.0	1.65404186535e+51	26.8078728123 
650.0	1.64398501048e+51	26.826638712 
651.0	1.623103958e+51	26.7812228004 
652.0	1.57940521305e+51	26.6722335291 
653.0	1.52985785256e+51	26.5144936444 
654.0	1.48112150357e+51	26.307981537 
655.0	1.43410796337e+51	26.1422478079 
656.0	1.40422510496e+51	26.0365980204 
657.0	1.38587072564e+51	25.9561033187 
658.0	1.38078203414e+51	25.9370549409 
659.0	1.382299443e+51	25.9280596688 
660.0	1.38769677727e+51	25.9605565104 
661.0	1.39908936975e+51	25.991498586 
662.0	1.40078299728e+51	26.0140287148 
663.0	1.388964234e+51	25.9834340404 
664.0	1.37043423631e+51	25.9217406513 
665.0	1.3945968885e+51	25.9666071559 
666.0	1.42509468971e+51	26.0722434662 
667.0	1.45982074827e+51	26.2118330406 
668.0	1.51247160221e+51	26.4523834546 
669.0	1.56078819827e+51	26.6698846696 
670.0	1.59539539571e+51	26.8265094864 
671.0	1.61547056471e+51	26.8947690995 
672.0	1.62184087142e+51	26.9305204759 
673.0	1.61528532305e+51	26.8916969531 
674.0	1.59689886006e+51	26.83334723 
675.0	1.57412347645e+51	26.7742168374 
676.0	1.55120955635e+51	26.6907648889 
677.0	1.55120955635e+51	26.6907648889 
678.0	1.53753203279e+51	26.6631224504 
679.0	1.51628537339e+51	26.5807870335 
680.0	1.49879737625e+51	26.5114421604 
681.0	1.48247588515e+51	26.4598334358 
682.0	1.45506321588e+51	26.3378647947 
683.0	1.42875213184e+51	26.2146862795 
684.0	1.41112195182e+51	26.1403280756 
685.0	1.38065614046e+51	25.9977175131 
686.0	1.35910338839e+51	25.8869639458 
687.0	1.33678130222e+51	25.7713027747 
688.0	1.31266602706e+51	25.6386608907 
689.0	1.29403383206e+51	25.5244348824 
690.0	1.27929869209e+51	25.440170064 
691.0	1.26782742418e+51	25.3537557707 
692.0	1.26354727925e+51	25.3217822437 
693.0	1.2646479376e+51	25.2871728385 
694.0	1.28823427074e+51	25.3838430071 
695.0	1.31796762589e+51	25.4913991515 
696.0	1.35181484742e+51	25.6500039072 
697.0	1.37467753194e+51	25.7316910127 
698.0	1.39433665417e+51	25.8157740048 
699.0	1.41056885603e+51	25.901161988 
700.0	1.41919627153e+51	25.9524654906 
701.0	1.42854475708e+51	26.031415552 
702.0	1.43178844053e+51	26.0517499279 
703.0	1.43649808356e+51	26.0636896925 
704.0	1.43710941068e+51	26.0479311737 
705.0	1.43517871224e+51	25.9901872495 
706.0	1.43591302792e+51	25.9235385634 
707.0	1.43443789876e+51	25.8416517761 
708.0	1.43926195069e+51	25.7905453933 
709.0	1.44425634893e+51	25.767121119 
710.0	1.44903978142e+51	25.7153231692 
711.0	1.4589915143e+51	25.6938282074 
712.0	1.4609662847e+51	25.6113573682 
713.0	1.46506619954e+51	25.5445358875 
714.0	1.47077585802e+51	25.4979650156 
715.0	1.47303717808e+51	25.4008368662 
716.0	1.48323731637e+51	25.3548274092 
717.0	1.4873239187e+51	25.2827583671 
718.0	1.49034921377e+51	25.1986691504 
719.0	1.50178946059e+51	25.1536421848 
720.0	1.50360070324e+51	25.0593843787 
721.0	1.51447482892e+51	25.0297824645 
722.0	1.516096972e+51	24.9505002559 
723.0	1.51152935821e+51	24.8711637049 
724.0	1.51125561522e+51	24.8457251818 
725.0	1.49580518021e+51	24.7008578941 
726.0	1.4830780758e+51	24.6199654204 
727.0	1.48175215231e+51	24.597838821 
728.0	1.47441184161e+51	24.5057650295 
729.0	1.48002261e+51	24.4866795634 
730.0	1.47583403712e+51	24.4109428653 
731.0	1.48656042145e+51	24.376579973 
732.0	1.51256396646e+51	24.4163955896 
733.0	1.53471141614e+51	24.3958162501 
734.0	1.55709210643e+51	24.4038980249 
735.0	1.56264777411e+51	24.3693105823 
736.0	1.56102217768e+51	24.3222326343 
737.0	1.56997010322e+51	24.3585810603 
738.0	1.56984115297e+51	24.3247946771 
739.0	1.57988162154e+51	24.3183317415 
740.0	1.59000862567e+51	24.3087956236 
741.0	1.59236985445e+51	24.2464563235 
742.0	1.59067027661e+51	24.1910706607 
743.0	1.5985363187e+51	24.18147218 
744.0	1.59163215734e+51	24.1106258566 
745.0	1.59854236876e+51	24.0839627487 
746.0	1.58429593251e+51	23.9716055548 
747.0	1.5760474501e+51	23.8666439862 
748.0	1.57092634447e+51	23.7770498304 
749.0	1.54898520928e+51	23.6327935573 
750.0	1.53591488535e+51	23.5212042469 
751.0	1.51217905577e+51	23.3655572862 
752.0	1.50086822979e+51	23.2821620248 
753.0	1.48450131949e+51	23.1902645889 
754.0	1.46571132499e+51	23.0999104078 
755.0	1.45686072673e+51	23.0268129082 
756.0	1.45075647642e+51	22.9721928798 
757.0	1.45386870129e+51	22.9562862598 
758.0	1.45594987699e+51	22.9198831369 
759.0	1.47044059276e+51	22.96468294 
760.0	1.47397325587e+51	22.9429920355 
761.0	1.48861489642e+51	22.9720387512 
762.0	1.50451929713e+51	22.987755255 
763.0	1.52086445441e+51	22.9837041164 
764.0	1.53983784231e+51	23.0100417343 
765.0	1.54456711539e+51	22.9508586524 
766.0	1.55454505426e+51	22.9322971871 
767.0	1.54697119312e+51	22.8547600827 
768.0	1.5463417453e+51	22.7966762206 
769.0	1.54174024416e+51	22.7505985725 
770.0	1.53896250394e+51	22.6947360411 
771.0	1.5406293066e+51	22.6807022906 
772.0	1.53696685707e+51	22.6554980536 
773.0	1.5276666501e+51	22.6244339038 
774.0	1.51430433128e+51	22.6087245353 
775.0	1.50037775952e+51	22.5577491828 
776.0	1.49486190144e+51	22.5913917998 
777.0	1.47907789585e+51	22.5662511715 
778.0	1.4869181179e+51	22.5902582721 
779.0	1.48999852344e+51	22.5918595668 
780.0	1.49570600058e+51	22.5909770299 
781.0	1.49822119696e+51	22.5941258022 
782.0	1.49966670259e+51	22.5757630893 
783.0	1.51063949138e+51	22.547223348 
784.0	1.5215643008e+51	22.554429739 
785.0	1.53368150586e+51	22.5409912198 
786.0	1.54854945375e+51	22.5528564744 
787.0	1.56384303277e+51	22.5251920359 
788.0	1.57546472445e+51	22.5223507044 
789.0	1.58567655559e+51	22.5107759556 
790.0	1.5925985092e+51	22.455433329 
791.0	1.60526092537e+51	22.4505289527 
792.0	1.61226505025e+51	22.4134020763 
793.0	1.61983849342e+51	22.3920000516 
794.0	1.62522746752e+51	22.3335902994 
795.0	1.62208490247e+51	22.2824179119 
796.0	1.62270642577e+51	22.2529083328 
797.0	1.61579157985e+51	22.1804118521 
798.0	1.61796960855e+51	22.1385673445 
799.0	1.6157362866e+51	22.0845768374 
800.0	1.62188307085e+51	22.0910564784 
801.0	1.62728201279e+51	22.0739023118 
802.0	1.62711924251e+51	22.0674965128 
803.0	1.63590536245e+51	22.0834271615 
804.0	1.6348659332e+51	22.0654972635 
805.0	1.64060884024e+51	22.0593571189 
806.0	1.63590536245e+51	22.0834271615 
807.0	1.6348659332e+51	22.0654972635 
808.0	1.64060884024e+51	22.0593571189 
809.0	1.63997672206e+51	22.0309739351 
810.0	1.64908365726e+51	22.0415314423 
811.0	1.65249318943e+51	21.9989454828 
812.0	1.64884760331e+51	21.9716601601 
813.0	1.65542816623e+51	21.9698242067 
814.0	1.65778202175e+51	21.9609446034 
815.0	1.66103706575e+51	21.957706187 
816.0	1.65373060366e+51	21.9126408019 
817.0	1.65938952544e+51	21.9173029352 
818.0	1.65869404641e+51	21.8895376009 
819.0	1.65747647401e+51	21.8826495454 
820.0	1.66764506412e+51	21.9028138654 
821.0	1.66524000441e+51	21.8875492035 
822.0	1.66955703113e+51	21.8960969159 
823.0	1.66588622886e+51	21.8850900047 
824.0	1.66972623638e+51	21.9064472853 
825.0	1.67093543663e+51	21.9024792788 
826.0	1.669506923e+51	21.8730356089 
827.0	1.67510612084e+51	21.8954994654 
828.0	1.67041145557e+51	21.8754084482 
829.0	1.66853244957e+51	21.8881199165 
830.0	1.66825723496e+51	21.8943632496 
831.0	1.66262679236e+51	21.8725546049 
832.0	1.66624337872e+51	21.8938086065 
833.0	1.65760942052e+51	21.8826940004 
834.0	1.66557103844e+51	21.9253516042 
835.0	1.66458698969e+51	21.9170169999 
836.0	1.6626823606e+51	21.9026170723 
837.0	1.6658876979e+51	21.9146906409 
838.0	1.66223451985e+51	21.8903972263 
839.0	1.66196828526e+51	21.8822342049 
840.0	1.65291941324e+51	21.8370672478 
841.0	1.63600516348e+51	21.749501109 
842.0	1.6252114109e+51	21.7121383907 
843.0	1.62020731094e+51	21.6892517172 
844.0	1.60669508435e+51	21.6273496948 
845.0	1.59242381369e+51	21.5471856211 
846.0	1.58840347148e+51	21.5184836171 
847.0	1.57465668692e+51	21.4584011639 
848.0	1.56791636905e+51	21.4152085009 
849.0	1.55423424471e+51	21.3460151562 
850.0	1.54349853103e+51	21.2891081162 
851.0	1.52778540639e+51	21.2307868092 
852.0	1.51887807313e+51	21.1814282412 
853.0	1.49986826417e+51	21.0942483626 
854.0	1.48907697041e+51	21.0366459928 
855.0	1.47374449256e+51	20.9664500632 
856.0	1.46733135343e+51	20.9084731301 
857.0	1.45360091327e+51	20.8490568857 
858.0	1.4450826872e+51	20.7910025982 
859.0	1.42743460295e+51	20.7263003012 
860.0	1.41805033345e+51	20.689210426 
861.0	1.40493588775e+51	20.6437660677 
862.0	1.39734947198e+51	20.6047042715 
863.0	1.38864625819e+51	20.5902380378 
864.0	1.37977728053e+51	20.5554379525 
865.0	1.37206335022e+51	20.5284194816 
866.0	1.36286881556e+51	20.4876093577 
867.0	1.35060011988e+51	20.433131252 
868.0	1.35012418659e+51	20.4124503235 
869.0	1.34098998537e+51	20.3757168605 
870.0	1.3366684888e+51	20.3564334785 
871.0	1.33221629185e+51	20.3413510304 
872.0	1.32794702561e+51	20.328048783 
873.0	1.32327641366e+51	20.3398759689 
874.0	1.31925125198e+51	20.3410742661 
875.0	1.30912819583e+51	20.3240225465 
876.0	1.30524992269e+51	20.3046546457 
877.0	1.29411209112e+51	20.282248079 
878.0	1.28863432523e+51	20.261674826 
879.0	1.28107638458e+51	20.2339071388 
880.0	1.27760702466e+51	20.2232102959 
881.0	1.2700033763e+51	20.1980436682 
882.0	1.26767769106e+51	20.1801393464 
883.0	1.26233503349e+51	20.1798220822 
884.0	1.26023612554e+51	20.1787604551 
885.0	1.25521818856e+51	20.1799697469 
886.0	1.26050494697e+51	20.2162467988 
887.0	1.25642435093e+51	20.2322485158 
888.0	1.25849134531e+51	20.2755063881 
889.0	1.25720739036e+51	20.3130368974 
890.0	1.25985775738e+51	20.3459927004 
891.0	1.26568992666e+51	20.3891782112 
892.0	1.27731597076e+51	20.3804603739 
893.0	1.29122891651e+51	20.3390399931 
894.0	1.29961745756e+51	20.2535063739 
895.0	1.30866133835e+51	20.1776864893 
896.0	1.31455133667e+51	20.0768497321 
897.0	1.31752285179e+51	20.03267183 
898.0	1.31713621753e+51	20.017658261 
899.0	1.31639550256e+51	19.9963630251 
900.0	1.31721388842e+51	19.9879122045 
901.0	1.31482721041e+51	19.9653331942 
902.0	1.31669260987e+51	19.9689572073 
903.0	1.31484148797e+51	19.9655017643 
904.0	1.31794840497e+51	19.9145996798 
905.0	1.31725259785e+51	19.8805222113 
906.0	1.32017734145e+51	19.8348849279 
907.0	1.3214789684e+51	19.7909188181 
908.0	1.31650538352e+51	19.7575390294 
909.0	1.316045218e+51	19.7464890651 
910.0	1.31014774077e+51	19.6983092401 
911.0	1.31014956234e+51	19.6813331419 
912.0	1.30556568093e+51	19.6423603059 
913.0	1.30425974132e+51	19.6076416208 
914.0	1.29869674424e+51	19.5851610313 
915.0	1.29367785852e+51	19.5409213679 
916.0	1.28566998577e+51	19.5161821145 
917.0	1.2844000808e+51	19.5224459584 
918.0	1.28199845404e+51	19.5173578992 
919.0	1.27605706038e+51	19.4831227089 
920.0	1.27414767674e+51	19.4711861803 
921.0	1.26950177574e+51	19.4481576309 
922.0	1.26801040757e+51	19.4296503394 
923.0	1.26644180335e+51	19.4282023972 
924.0	1.26043080158e+51	19.3902898259 
925.0	1.26075444224e+51	19.3948409546 
926.0	1.25525114938e+51	19.3711176979 
927.0	1.25031598736e+51	19.3582571884 
928.0	1.24849691471e+51	19.3557092942 
929.0	1.24620004307e+51	19.3427691287 
930.0	1.24156778131e+51	19.3304147044 
931.0	1.23945934905e+51	19.3425130432 
932.0	1.23194362729e+51	19.3050070614 
933.0	1.22977478751e+51	19.2887313744 
934.0	1.2234680324e+51	19.2668763411 
935.0	1.22583761424e+51	19.2923934522 
936.0	1.22201080333e+51	19.2941523801 
937.0	1.21370852144e+51	19.2578006098 
938.0	1.21108265799e+51	19.2412669286 
939.0	1.20765952619e+51	19.2308827651 
940.0	1.19961212941e+51	19.1836516662 
941.0	1.19175963767e+51	19.1424713242 
942.0	1.19053384476e+51	19.1221389393 
943.0	1.1828572397e+51	19.0795214285 
944.0	1.1747525613e+51	19.0355647703 
945.0	1.16951895035e+51	19.0046374305 
946.0	1.16737052432e+51	18.9918924352 
947.0	1.16060010045e+51	18.961639859 
948.0	1.15649209175e+51	18.9386622711 
949.0	1.14924456904e+51	18.899334475 
950.0	1.14502050004e+51	18.8818060386 
951.0	1.14185895747e+51	18.8783468679 
952.0	1.13740896215e+51	18.8842978252 
953.0	1.13505791457e+51	18.8931674416 
954.0	1.12921830493e+51	18.8850151233 
955.0	1.12513663327e+51	18.8939917884 
956.0	1.12279580651e+51	18.8907674279 
957.0	1.12011303275e+51	18.8880151809 
958.0	1.11522521176e+51	18.8846063553 
959.0	1.10955409328e+51	18.867225425 
960.0	1.10679335166e+51	18.8635726607 
961.0	1.10342409169e+51	18.8585627917 
962.0	1.09655232653e+51	18.8315283847 
963.0	1.09472740109e+51	18.8353077974 
964.0	1.08967249253e+51	18.8193635432 
965.0	1.08693137228e+51	18.8261361316 
966.0	1.08107285863e+51	18.7999446105 
967.0	1.07601811023e+51	18.7917751442 
968.0	1.07174447627e+51	18.7727395138 
969.0	1.0679850809e+51	18.7487906452 
970.0	1.06431062269e+51	18.7190418646 
971.0	1.05874326241e+51	18.6940249756 
972.0	1.05326923611e+51	18.6655913977 
973.0	1.05035043979e+51	18.6567646841 
974.0	1.04524689494e+51	18.6064408416 
975.0	1.0407521728e+51	18.5986834683 
976.0	1.03622824738e+51	18.5846665561 
977.0	1.03322409724e+51	18.5657860311 
978.0	1.02855540556e+51	18.5338991015 
979.0	1.023649734e+51	18.5068824939 
980.0	1.0208798275e+51	18.4930610549 
981.0	1.0174739811e+51	18.46796004 
982.0	1.01260067961e+51	18.4284050489 
983.0	1.01251713064e+51	18.428764971 
984.0	1.00833392637e+51	18.3985690721 
985.0	1.00351682184e+51	18.3728750556 
986.0	1.00075375402e+51	18.3492310248 
987.0	1.00140233576e+51	18.3350922215 
988.0	9.9672725364e+50	18.3255867798 
989.0	9.92859775458e+50	18.3012692207 
990.0	9.91958005037e+50	18.2773977825 
991.0	9.91021536293e+50	18.27198248 
992.0	9.86779573731e+50	18.2483992621 
993.0	9.85516423588e+50	18.2617948715 
994.0	9.86309568347e+50	18.261763393 
995.0	9.86345514458e+50	18.2652939994 
996.0	9.82609866591e+50	18.2512297581 
997.0	9.83581499204e+50	18.2591387748 
998.0	9.79909385081e+50	18.2480241568 
999.0	9.80380274755e+50	18.235838415 
1000.0	9.81394301775e+50	18.2427450939 
1001.0	9.82932558291e+50	18.2467853804 
1002.0	9.79758527176e+50	18.2663120493 
1003.0	9.77697753912e+50	18.2351434554 
1004.0	9.81875075213e+50	18.2114888815 
1005.0	9.82288130262e+50	18.2012786267 
1006.0	9.7962845058e+50	18.1966708567 
1007.0	9.77095585834e+50	18.173265574 
1008.0	9.80668199167e+50	18.1630952312 
1009.0	9.76250456384e+50	18.1201578211 
1010.0	9.76042011683e+50	18.1333462586 
1011.0	9.76573433592e+50	18.127364452 
1012.0	9.73635284901e+50	18.107036816 
1013.0	9.71839893426e+50	18.0823606283 
1014.0	9.74345930133e+50	18.0740087923 
1015.0	9.73473192325e+50	18.0492707632 
1016.0	9.73768324932e+50	18.0282437983 
1017.0	9.69865069845e+50	18.0078203015 
1018.0	9.70771563687e+50	18.0000614023 
1019.0	9.73157560836e+50	17.9799327664 
1020.0	9.70262726945e+50	17.9659682473 
1021.0	9.6731357764e+50	17.9369430069 
1022.0	9.66216922762e+50	17.9152432523 
1023.0	9.63422067479e+50	17.8928271646 
1024.0	9.61057237799e+50	17.8718037303 
1025.0	9.61715161066e+50	17.8477753579 
1026.0	9.62234021672e+50	17.8329439334 
1027.0	9.59283076877e+50	17.8234075592 
1028.0	9.59250730033e+50	17.8061445601 
1029.0	9.58154624645e+50	17.777014044 
1030.0	9.54049801036e+50	17.7564383904 
1031.0	9.54021386427e+50	17.7324184501 
1032.0	9.5359424535e+50	17.7209593185 
1033.0	9.4883945982e+50	17.7009898868 
1034.0	9.49954298394e+50	17.6856058189 
1035.0	9.47869803419e+50	17.6773526023 
1036.0	9.44031964837e+50	17.6492943374 
1037.0	9.44412429206e+50	17.6479167289 
1038.0	9.39422620787e+50	17.6303441402 
1039.0	9.40472143142e+50	17.6227323436 
1040.0	9.3527079737e+50	17.5993740962 
1041.0	9.35382816379e+50	17.574645055 
1042.0	9.32843609156e+50	17.5540129183 
1043.0	9.29964497348e+50	17.5433234136 
1044.0	9.30010528974e+50	17.5300434354 
1045.0	9.27703878853e+50	17.5112809628 
1046.0	9.27017479552e+50	17.4836765344 
1047.0	9.25440213651e+50	17.4619255662 
1048.0	9.25751428359e+50	17.4441115079 
1049.0	9.25616313724e+50	17.4185062725 
1050.0	9.25435449372e+50	17.4069624191 
1051.0	9.26809766233e+50	17.3751857998 
1052.0	9.2774101614e+50	17.3586348653 
1053.0	9.27641366744e+50	17.350634606 
1054.0	9.28280509621e+50	17.3141106554 
1055.0	9.26581578392e+50	17.3002666123 
1056.0	9.24876089484e+50	17.3011617981 
1057.0	9.24931292628e+50	17.2641341789 
1058.0	9.23400776517e+50	17.2179711119 
1059.0	9.23114779666e+50	17.2104208679 
1060.0	9.23150618234e+50	17.1929510727 
1061.0	9.2218756198e+50	17.1371727282 
1062.0	9.2141595263e+50	17.1218765918 
1063.0	9.2174478586e+50	17.101216186 
1064.0	9.22562371496e+50	17.0724107756 
1065.0	9.21749977372e+50	17.0388157233 
1066.0	9.19415855488e+50	17.0176292658 
1067.0	9.20336779171e+50	17.0059150389 
1068.0	9.19626231811e+50	16.9784457643 
1069.0	9.15369782957e+50	16.9470847042 
1070.0	9.15137871557e+50	16.9355627581 
1071.0	9.13675048281e+50	16.9172438358 
1072.0	9.10901236607e+50	16.885575267 
1073.0	9.09250226759e+50	16.8590292995 
1074.0	9.04465492173e+50	16.836049619 
1075.0	9.04269943972e+50	16.8164085348 
1076.0	9.05279148454e+50	16.8076066381 
1077.0	8.99488735845e+50	16.7981774576 
1078.0	8.96694557286e+50	16.7825999979 
1079.0	8.94223028429e+50	16.77917585 
1080.0	8.91938607335e+50	16.7666384218 
1081.0	8.91095011704e+50	16.7599435352 
1082.0	8.8666188397e+50	16.7383608939 
1083.0	8.85852814136e+50	16.7258736584 
1084.0	8.8388252329e+50	16.7058059417 
1085.0	8.80501611437e+50	16.6936298605 
1086.0	8.8121792995e+50	16.6743082444 
1087.0	8.79167491211e+50	16.6796901272 
1088.0	8.76992319988e+50	16.6662056968 
1089.0	8.75395932966e+50	16.6334361057 
1090.0	8.75615042816e+50	16.631522008 
1091.0	8.71507376297e+50	16.6090848476 
1092.0	8.69678045693e+50	16.5856934335 
1093.0	8.68230802842e+50	16.5876121373 
1094.0	8.6496399445e+50	16.5819430233 
1095.0	8.63376762188e+50	16.5553669896 
1096.0	8.62007034642e+50	16.5348295853 
1097.0	8.57476919196e+50	16.5271241456 
1098.0	8.56496876756e+50	16.5031518174 
1099.0	8.5228824313e+50	16.5044098766 
1100.0	8.49635144801e+50	16.5056953053 
1101.0	8.51013280948e+50	16.4988672257 
1102.0	8.47303008708e+50	16.4972888258 
1103.0	8.45612192927e+50	16.4717644268 
1104.0	8.47753020467e+50	16.4700978814 
1105.0	8.44703552419e+50	16.4818882029 
1106.0	8.43651664793e+50	16.466591319 
1107.0	8.41688401833e+50	16.4691273815 
1108.0	8.37764655733e+50	16.4604560462 
1109.0	8.3755539024e+50	16.4411580912 
1110.0	8.37793285438e+50	16.4466150475 
1111.0	8.32396140106e+50	16.4253033552 
1112.0	8.31961174916e+50	16.4066742697 
1113.0	8.32064482689e+50	16.4135057578 
1114.0	8.28980370588e+50	16.4064851084 
1115.0	8.28891965483e+50	16.3912968085 
1116.0	8.28979605637e+50	16.3793597944 
1117.0	8.27250821252e+50	16.3631536299 
1118.0	8.28507016998e+50	16.3682337558 
1119.0	8.29892653136e+50	16.3717693645 
1120.0	8.28589069902e+50	16.3712846532 
1121.0	8.28240505407e+50	16.377353311 
1122.0	8.2939339243e+50	16.3717394911 
1123.0	8.28625409102e+50	16.3799292629 
1124.0	8.28769243559e+50	16.3817746034 
1125.0	8.29175743064e+50	16.3693499933 
1126.0	8.28561513757e+50	16.3816687478 
1127.0	8.27078588055e+50	16.3715755928 
1128.0	8.27159230957e+50	16.3625838138 
1129.0	8.28927292235e+50	16.3752352141 
1130.0	8.28721884194e+50	16.3737602887 
1131.0	8.27707152699e+50	16.368113926 
1132.0	8.27856512269e+50	16.3675323632 
1133.0	8.27379223492e+50	16.3685012197 
1134.0	8.26769766914e+50	16.3557948027 
1135.0	8.29405477191e+50	16.3772002736 
1136.0	8.27528751761e+50	16.3752929058 
1137.0	8.26334099043e+50	16.359024571 
1138.0	8.27539440046e+50	16.3632237424 
1139.0	8.2697150202e+50	16.3731701673 
1140.0	8.2804806783e+50	16.3639710149 
1141.0	8.2893312148e+50	16.3687432356 
1142.0	8.28281419405e+50	16.3593296781 
1143.0	8.29397157812e+50	16.3583187521 
1144.0	8.30951366978e+50	16.3751005654 
1145.0	8.30256164591e+50	16.3756366356 
1146.0	8.31773380044e+50	16.3697281963 
1147.0	8.33146091597e+50	16.3730780912 
1148.0	8.34177031305e+50	16.3781082916 
1149.0	8.32143914947e+50	16.3641649722 
1150.0	8.33210513646e+50	16.3632668292 
1151.0	8.34791488404e+50	16.3755558586 
1152.0	8.34948324988e+50	16.3655066147 
1153.0	8.34762052109e+50	16.3606850453 
1154.0	8.35644438215e+50	16.3330085096 
1155.0	8.36042634078e+50	16.3464200108 
1156.0	8.35993418774e+50	16.3348137466 
1157.0	8.36117433246e+50	16.3359686538 
1158.0	8.34013459013e+50	16.307621667 
1159.0	8.3910254068e+50	16.3084764902 
1160.0	8.36557076422e+50	16.3006092481 
1161.0	8.35297218576e+50	16.2872415851 
1162.0	8.3854152714e+50	16.3030729985 
1163.0	8.35079040546e+50	16.2883474861 
1164.0	8.32745313463e+50	16.2666591483 
1165.0	8.33662899464e+50	16.2614061628 
1166.0	8.3355096016e+50	16.2635979992 
1167.0	8.31811260303e+50	16.2339152388 
1168.0	8.30881869725e+50	16.2257501215 
1169.0	8.30250182255e+50	16.2118798618 
1170.0	8.29734287569e+50	16.1978987938 
1171.0	8.29687504901e+50	16.189367999 
1172.0	8.27991624157e+50	16.1824451617 
1173.0	8.26423596023e+50	16.1506708632 
1174.0	8.25525240496e+50	16.1397558686 
1175.0	8.2788332976e+50	16.1486365493 
1176.0	8.26545492744e+50	16.1332833872 
1177.0	8.24433747626e+50	16.1193129804 
1178.0	8.24695567177e+50	16.1170259015 
1179.0	8.23104393796e+50	16.0923862078 
1180.0	8.22529689034e+50	16.0730159102 
1181.0	8.24534551731e+50	16.0801665271 
1182.0	8.21578882395e+50	16.0521796071 
1183.0	8.17470559765e+50	16.0228935984 
1184.0	8.1682654283e+50	16.0147537782 
1185.0	8.17167753716e+50	16.0025148317 
1186.0	8.16171808034e+50	15.9905638628 
1187.0	8.12373003299e+50	15.9671401086 
1188.0	8.1132909185e+50	15.9639490294 
1189.0	8.11405603695e+50	15.9575161446 
1190.0	8.08304896273e+50	15.9416166072 
1191.0	8.03984771336e+50	15.90281038 
1192.0	8.02637408665e+50	15.8823802989 
1193.0	8.02719729162e+50	15.8778843466 
1194.0	7.98646159475e+50	15.848938814 
1195.0	7.96570788478e+50	15.8363128662 
1196.0	7.97033287787e+50	15.8291071514 
1197.0	7.940098265e+50	15.8230341006 
1198.0	7.90058101334e+50	15.8012594026 
1199.0	7.88452152471e+50	15.7743222316 
1200.0	7.86460511276e+50	15.7672430282 
1201.0	7.8281738809e+50	15.7485607212 
1202.0	7.83242174484e+50	15.7179565734 
1203.0	7.81988658094e+50	15.7144963849 
1204.0	7.7908706995e+50	15.7122480251 
1205.0	7.77909545995e+50	15.6890701102 
1206.0	7.72854230967e+50	15.6633447443 
1207.0	7.71597168827e+50	15.6612914186 
1208.0	7.70304078118e+50	15.6557792878 
1209.0	7.67929531545e+50	15.6512262493 
1210.0	7.67853097313e+50	15.632623976 
1211.0	7.62555244171e+50	15.5868318936 
1212.0	7.61484714514e+50	15.5923493361 
1213.0	7.62905623104e+50	15.5931128709 
1214.0	7.58180994998e+50	15.5774232463 
1215.0	7.5677741253e+50	15.5795960307 
1216.0	7.53391258778e+50	15.5614906401 
1217.0	7.51810615915e+50	15.517702778 
1218.0	7.50464570601e+50	15.5365822455 
1219.0	7.50191813728e+50	15.5302647146 
1220.0	7.51130607609e+50	15.5110502823 
1221.0	7.45506826278e+50	15.5046885008 
1222.0	7.44680035912e+50	15.5082451055 
1223.0	7.43628329359e+50	15.4928258174 
1224.0	7.39817533142e+50	15.485563985 
1225.0	7.38557659713e+50	15.4837811838 
1226.0	7.34303475258e+50	15.4718216483 
1227.0	7.32705789252e+50	15.4505888243 
1228.0	7.3204089031e+50	15.4587629019 
1229.0	7.3193832618e+50	15.4549290071 
1230.0	7.28577660398e+50	15.4455439597 
1231.0	7.26601715572e+50	15.4363878253 
1232.0	7.22864490461e+50	15.4079585128 
1233.0	7.2049628316e+50	15.3897282219 
1234.0	7.17805791627e+50	15.3965892477 
1235.0	7.1594726655e+50	15.4017635996 
1236.0	7.15645800511e+50	15.4028117366 
1237.0	7.13537585363e+50	15.3963724134 
1238.0	7.12880729528e+50	15.400206541 
1239.0	7.10097294335e+50	15.396363596 
1240.0	7.07874540707e+50	15.3772577387 
1241.0	7.04672371793e+50	15.3849972502 
1242.0	7.02103395067e+50	15.3808877358 
1243.0	7.01577041597e+50	15.3755242961 
1244.0	6.99725498396e+50	15.3609791979 
1245.0	6.98053507341e+50	15.3535330602 
1246.0	6.95389287902e+50	15.3565677822 
1247.0	6.94780641519e+50	15.3548762836 
1248.0	6.93834832606e+50	15.3147185569 
1249.0	6.92752206293e+50	15.3393884645 
1250.0	6.9224448746e+50	15.3309824865 
1251.0	6.91528314136e+50	15.3192239767 
1252.0	6.88973886948e+50	15.3136947294 
1253.0	6.89215996095e+50	15.304362515 
1254.0	6.86782922687e+50	15.2965685425 
1255.0	6.86019445258e+50	15.2936500064 
1256.0	6.86485886379e+50	15.3065710098 
1257.0	6.85546102785e+50	15.2986215492 
1258.0	6.84509719046e+50	15.2830523991 
1259.0	6.83003814088e+50	15.2785345524 
1260.0	6.81450399919e+50	15.2632879883 
1261.0	6.81669456376e+50	15.2527049505 
1262.0	6.79371144397e+50	15.2344277429 
1263.0	6.783804408e+50	15.2157072578 
1264.0	6.79144636571e+50	15.2021180984 
1265.0	6.76247082989e+50	15.1797985787 
1266.0	6.75112673003e+50	15.1786430318 
1267.0	6.7507454714e+50	15.1741157956 
1268.0	6.7347219878e+50	15.1683898939 
1269.0	6.7079531321e+50	15.1479968858 
1270.0	6.71563585323e+50	15.138766613 
1271.0	6.71167222349e+50	15.1411802777 
1272.0	6.69457381081e+50	15.1422197317 
1273.0	6.69427655082e+50	15.1440040914 
1274.0	6.68027512779e+50	15.1301938334 
1275.0	6.66322994039e+50	15.107610569 
1276.0	6.65011979911e+50	15.0854538756 
1277.0	6.65444294402e+50	15.0833575341 
1278.0	6.64396812821e+50	15.068155603 
1279.0	6.6224641864e+50	15.0563265975 
1280.0	6.60130666595e+50	15.0442895196 
1281.0	6.58350723832e+50	15.0300372957 
1282.0	6.57796548492e+50	15.0188781153 
1283.0	6.56365845856e+50	15.0125679432 
1284.0	6.5448329668e+50	14.9818971926 
1285.0	6.53356707035e+50	14.9985433426 
1286.0	6.51083199074e+50	14.974138631 
1287.0	6.48307672754e+50	14.9540717966 
1288.0	6.48093886145e+50	14.9635241245 
1289.0	6.47123016824e+50	14.9495205788 
1290.0	6.44041867425e+50	14.9378981694 
1291.0	6.42061584026e+50	14.9154320245 
1292.0	6.42105740611e+50	14.9150225979 
1293.0	6.40724742742e+50	14.8981322012 
1294.0	6.37939603621e+50	14.8782643034 
1295.0	6.35351264616e+50	14.8695863236 
1296.0	6.34795171034e+50	14.8601781057 
1297.0	6.31915539213e+50	14.8556603025 
1298.0	6.3099395317e+50	14.8364201411 
1299.0	6.30844542094e+50	14.8439254869 
1300.0	6.28829751693e+50	14.8359807669 
1301.0	6.26861720395e+50	14.8173732479 
1302.0	6.27520486875e+50	14.8139708472 
1303.0	6.26518542908e+50	14.8146652014 
1304.0	6.23534723406e+50	14.7849781443 
1305.0	6.22228734345e+50	14.7557986871 
1306.0	6.20667192862e+50	14.754380152 
1307.0	6.17769024333e+50	14.7484003359 
1308.0	6.16915985832e+50	14.7483657178 
1309.0	6.17098223162e+50	14.7549482308 
1310.0	6.12955444868e+50	14.7200223617 
1311.0	6.10380815592e+50	14.704458959 
1312.0	6.11266418506e+50	14.6993517082 
1313.0	6.0941552571e+50	14.6997727859 
1314.0	6.06070804323e+50	14.681626643 
1315.0	6.08471953939e+50	14.6820117638 
1316.0	6.06811681499e+50	14.6753996257 
1317.0	6.02685439047e+50	14.6286326451 
1318.0	6.02824601658e+50	14.6063532198 
1319.0	6.02550053193e+50	14.6114147832 
1320.0	6.00288752246e+50	14.5944844674 
1321.0	5.99236511758e+50	14.5779723344 
1322.0	5.9985989168e+50	14.5842525771 
1323.0	5.97592254681e+50	14.5547330374 
1324.0	5.96386959335e+50	14.5481991688 
1325.0	5.9133672186e+50	14.5057804559 
1326.0	5.8980046716e+50	14.4926540527 
1327.0	5.91041266588e+50	14.495636789 
1328.0	5.91768656992e+50	14.5061870485 
1329.0	5.87767814932e+50	14.4581396212 
1330.0	5.83228964591e+50	14.42443762 
1331.0	5.85935385151e+50	14.4406497612 
1332.0	5.85157821234e+50	14.4389726104 
1333.0	5.78509979811e+50	14.3821270479 
1334.0	5.75823877946e+50	14.3682543889 
1335.0	5.80012898594e+50	14.3831072991 
1336.0	5.77443507999e+50	14.3513932081 
1337.0	5.74356063637e+50	14.3434697283 
1338.0	5.70228936577e+50	14.3158920278 
1339.0	5.74809147162e+50	14.3402661807 
1340.0	5.71035731271e+50	14.3232493815 
1341.0	5.66186901453e+50	14.2995994238 
1342.0	5.68775338075e+50	14.2949452463 
1343.0	5.66673049815e+50	14.2847263087 
1344.0	5.64008244858e+50	14.2746485019 
1345.0	5.65435519832e+50	14.2667224731 
1346.0	5.63336291555e+50	14.2493966477 
1347.0	5.60131896647e+50	14.2433056526 
1348.0	5.57779365374e+50	14.2193678065 
1349.0	5.60382540343e+50	14.2104582817 
1350.0	5.57049001884e+50	14.1952038757 
1351.0	5.52202828961e+50	14.1612818808 
1352.0	5.50000388361e+50	14.1493075214 
1353.0	5.55424981487e+50	14.1942122183 
1354.0	5.51160664741e+50	14.1610470631 
1355.0	5.41649044102e+50	14.1156150209 
1356.0	5.45539791675e+50	14.1300212566 
1357.0	5.42810322497e+50	14.1158712018 
1358.0	5.38623674837e+50	14.084126867 
1359.0	5.37546558376e+50	14.0741168523 
1360.0	5.40909719068e+50	14.0874907387 
1361.0	5.41412111664e+50	14.10511135 
1362.0	5.33101629975e+50	14.0470590378 
1363.0	5.25080624911e+50	13.9969516564 
1364.0	5.25284164508e+50	13.9894015414 
1365.0	5.24563616863e+50	13.9911647202 
1366.0	5.23332322167e+50	14.0038833172 
1367.0	5.21349155833e+50	13.9792164743 
1368.0	5.22947640801e+50	14.0159388673 
1369.0	5.2316424215e+50	14.0206540091 
1370.0	5.149622652e+50	13.9548187924 
1371.0	5.14964197883e+50	13.94476178 
1372.0	5.1414845753e+50	13.9400518213 
1373.0	5.14400350599e+50	13.939018146 
1374.0	5.1357445371e+50	13.9387935473 
1375.0	5.14841499233e+50	13.9186786486 
1376.0	5.1009410697e+50	13.9112014778 
1377.0	5.04422395027e+50	13.8788746248 
1378.0	5.01153729572e+50	13.8213111657 
1379.0	5.00788869924e+50	13.8337951075 
1380.0	5.00275581182e+50	13.8339895995 
1381.0	4.973950057e+50	13.8185284895 
1382.0	4.94851950243e+50	13.8102645787 
1383.0	4.96872618273e+50	13.8318335925 
1384.0	4.97482899612e+50	13.8060166729 
1385.0	4.94693280061e+50	13.8031729826 
1386.0	4.90786984557e+50	13.7905640251 
1387.0	4.84899898489e+50	13.7457223459 
1388.0	4.85916623801e+50	13.7459502575 
1389.0	4.8320251101e+50	13.7400992631 
1390.0	4.83327628053e+50	13.7352390195 
1391.0	4.85962167359e+50	13.732086817 
1392.0	4.82600034301e+50	13.7315975231 
1393.0	4.79184085943e+50	13.7065782686 
1394.0	4.73622928501e+50	13.6790916642 
1395.0	4.71283297359e+50	13.6655352207 
1396.0	4.72465499471e+50	13.684617727 
1397.0	4.70096194013e+50	13.6464477672 
1398.0	4.69207703552e+50	13.6533476086 
1399.0	4.70810684251e+50	13.6587819661 
1400.0	4.71740845178e+50	13.6581204869 
1401.0	4.74307719934e+50	13.6834131782 
1402.0	4.70226825198e+50	13.6378646855 
1403.0	4.64148469852e+50	13.5981425807 
1404.0	4.59568465875e+50	13.563293529 
1405.0	4.58635674884e+50	13.5705785554 
1406.0	4.5880723368e+50	13.5638018422 
1407.0	4.57704273039e+50	13.5705944295 
1408.0	4.55747768921e+50	13.5664705963 
1409.0	4.5714130466e+50	13.5831264708 
1410.0	4.58144635424e+50	13.609226095 
1411.0	4.58973370002e+50	13.6163690156 
1412.0	4.55783943241e+50	13.5579704707 
1413.0	4.47251714395e+50	13.5074344333 
1414.0	4.47302941553e+50	13.5224740247 
1415.0	4.45631356485e+50	13.5140679338 
1416.0	4.44470950854e+50	13.5024361128 
1417.0	4.46696605413e+50	13.5333071803 
1418.0	4.46964584844e+50	13.507322218 
1419.0	4.42474710049e+50	13.470097214 
1420.0	4.41013576592e+50	13.453371586 
1421.0	4.37580427437e+50	13.4419515302 
1422.0	4.31969640503e+50	13.4167332926 
1423.0	4.3164757802e+50	13.4115105282 
1424.0	4.30872706836e+50	13.4049619537 
1425.0	4.30229627945e+50	13.3917240374 
1426.0	4.30035379164e+50	13.4068765698 
1427.0	4.30525801421e+50	13.4158888289 
1428.0	4.3124513037e+50	13.39857005 
1429.0	4.29677332675e+50	13.372707907 
1430.0	4.24828932812e+50	13.3364568187 
1431.0	4.19712455353e+50	13.3194978204 
1432.0	4.18340867722e+50	13.3133537345 
1433.0	4.16013830278e+50	13.2910375643 
1434.0	4.17278167912e+50	13.318923401 
1435.0	4.15225953276e+50	13.2993625151 
1436.0	4.17766678344e+50	13.3426797894 
1437.0	4.19902134342e+50	13.351656056 
1438.0	4.14924185585e+50	13.3144889572 
1439.0	4.10705914222e+50	13.3037183439 
1440.0	4.10576387502e+50	13.2923823478 
1441.0	4.10584623631e+50	13.3051937832 
1442.0	4.10604286651e+50	13.2954603757 
1443.0	4.10848189579e+50	13.3032433645 
1444.0	4.09733703194e+50	13.2501292239 
1445.0	4.05504226226e+50	13.2378571905 
1446.0	4.02938790603e+50	13.2153071906 
1447.0	4.00253121116e+50	13.2035330807 
1448.0	3.98962230585e+50	13.2101101098 
1449.0	3.98058873341e+50	13.180692291 
1450.0	3.96029038262e+50	13.159033227 
1451.0	3.94563591844e+50	13.1585403681 
1452.0	3.95776978103e+50	13.148191874 
1453.0	3.96591634915e+50	13.1625831067 
1454.0	3.9536762386e+50	13.1522384243 
1455.0	3.93524407101e+50	13.1339076001 
1456.0	3.9330173234e+50	13.1453165205 
1457.0	3.93491712188e+50	13.1635014352 
1458.0	3.92688425455e+50	13.1592983677 
1459.0	3.87971163895e+50	13.1185660149 
1460.0	3.84051129958e+50	13.0941866342 
1461.0	3.82352995936e+50	13.0826472672 
1462.0	3.8151425528e+50	13.0839400788 
1463.0	3.81667605196e+50	13.0820011306 
1464.0	3.81927131904e+50	13.0853219654 
1465.0	3.85088119112e+50	13.0953499368 
1466.0	3.83139345739e+50	13.0729369856 
1467.0	3.76899972771e+50	13.0263706768 
1468.0	3.73975972894e+50	13.0015364531 
1469.0	3.73808143037e+50	13.022692545 
1470.0	3.74060165638e+50	13.0339456338 
1471.0	3.75483898721e+50	13.0051861757 
1472.0	3.75596362004e+50	13.0193711695 
1473.0	3.75367055501e+50	12.9975356978 
1474.0	3.73631710971e+50	12.9998129423 
1475.0	3.66984826033e+50	12.946050474 
1476.0	3.65973339999e+50	12.9379748971 
1477.0	3.64992953452e+50	12.9168610259 
1478.0	3.63809694971e+50	12.9042868539 
1479.0	3.6842832901e+50	12.9516598637 
1480.0	3.68523099795e+50	12.9272663455 
1481.0	3.65564207081e+50	12.9044213509 
1482.0	3.66661115757e+50	12.9282682741 
1483.0	3.59540630727e+50	12.8654429078 
1484.0	3.57059401725e+50	12.8325040515 
1485.0	3.54961446132e+50	12.8160884474 
1486.0	3.53780706377e+50	12.8167623773 
1487.0	3.52507048194e+50	12.7789335942 
1488.0	3.53920248858e+50	12.7754137333 
1489.0	3.5501408007e+50	12.8110911866 
1490.0	3.54676071158e+50	12.8158312301 
1491.0	3.54805346404e+50	12.8060048481 
1492.0	3.50768160917e+50	12.7855675664 
1493.0	3.50142314405e+50	12.7639566694 
1494.0	3.48816686498e+50	12.7101483749 
1495.0	3.43972155271e+50	12.6870228207 
1496.0	3.4281877951e+50	12.6575652222 
1497.0	3.40848289451e+50	12.6635395104 
1498.0	3.39687487814e+50	12.6404880754 
1499.0	3.44271150549e+50	12.6669762289 
1500.0	3.44680784884e+50	12.669571396 
1501.0	3.42769590842e+50	12.6493487705 
1502.0	3.43326906139e+50	12.6366127685 
1503.0	3.40946303373e+50	12.6319523881 
1504.0	3.40700533151e+50	12.6166798264 
1505.0	3.39478177053e+50	12.6130711226 
1506.0	3.32975277273e+50	12.5711805086 
1507.0	3.32032136252e+50	12.542852591 
1508.0	3.29576600007e+50	12.5308134842 
1509.0	3.29468419575e+50	12.5101440698 
1510.0	3.32602390338e+50	12.5470587817 
1511.0	3.32823511742e+50	12.5616881792 
1512.0	3.32610007962e+50	12.5684465308 
1513.0	3.26047399734e+50	12.5165515908 
1514.0	3.2444991405e+50	12.4909587485 
1515.0	3.23319522947e+50	12.4643641982 
1516.0	3.2368496716e+50	12.467962009 
1517.0	3.25325467846e+50	12.4676504564 
1518.0	3.2300188113e+50	12.4554539572 
1519.0	3.21535913763e+50	12.4355661854 
1520.0	3.22046849535e+50	12.4469392636 
1521.0	3.21721774316e+50	12.4492078965 
1522.0	3.21232660338e+50	12.4280188535 
1523.0	3.20842433699e+50	12.4057367998 
1524.0	3.20201551384e+50	12.410394746 
1525.0	3.18326004869e+50	12.4148668121 
1526.0	3.12591257911e+50	12.3479977698 
1527.0	3.11612552238e+50	12.3481829125 
1528.0	3.11989403423e+50	12.3420559986 
1529.0	3.11248351257e+50	12.2826870407 
1530.0	3.12393347749e+50	12.339886528 
1531.0	3.11489145439e+50	12.3133902463 
1532.0	3.11655331218e+50	12.2984848519 
1533.0	3.10679932288e+50	12.2985886064 
1534.0	3.09674625383e+50	12.2730933399 
1535.0	3.08363529006e+50	12.2673490359 
1536.0	3.06996283209e+50	12.2675716738 
1537.0	3.03041750664e+50	12.2127953751 
1538.0	3.00416561375e+50	12.18622627 
1539.0	2.99083328933e+50	12.1561204191 
1540.0	2.97753366821e+50	12.1399588571 
1541.0	2.98911863716e+50	12.1544661006 
1542.0	2.98955728815e+50	12.1621667903 
1543.0	2.98207464091e+50	12.1481552988 
1544.0	2.9878502753e+50	12.1380578621 
1545.0	2.97279143781e+50	12.1267475189 
1546.0	2.92243248444e+50	12.0479193169 
1547.0	2.9036027457e+50	12.0540152208 
1548.0	2.89078191064e+50	12.0283767827 
1549.0	2.91079839187e+50	12.0360755298 
1550.0	2.91504053543e+50	12.0606137158 
1551.0	2.90193439947e+50	12.0271489087 
1552.0	2.89855005932e+50	12.0431968671 
1553.0	2.88013410149e+50	11.9878762492 
1554.0	2.85241359443e+50	11.9826364795 
1555.0	2.81924640894e+50	11.9578880992 
1556.0	2.80937825127e+50	11.9445922557 
1557.0	2.81634233497e+50	11.9386507255 
1558.0	2.80258778982e+50	11.9244231941 
1559.0	2.79246336942e+50	11.9091620963 
1560.0	2.79140970038e+50	11.92605997 
1561.0	2.80911792771e+50	11.9054086832 
1562.0	2.82036717881e+50	11.9571770835 
1563.0	2.80691454299e+50	11.9465925612 
1564.0	2.80117985324e+50	11.9716635424 
1565.0	2.75725994256e+50	11.8959638488 
1566.0	2.7288933023e+50	11.8791345794 
1567.0	2.72506878505e+50	11.8880214292 
1568.0	2.71754708099e+50	11.8507187176 
1569.0	2.71670458026e+50	11.8508941295 
1570.0	2.72168351688e+50	11.8584139543 
1571.0	2.72196166159e+50	11.827189031 
1572.0	2.73533103069e+50	11.8934304634 
1573.0	2.73152757283e+50	11.8705920531 
1574.0	2.72906293346e+50	11.8620888559 
1575.0	2.72101352489e+50	11.8566130632 
1576.0	2.73687828937e+50	11.8760908184 
1577.0	2.71261451864e+50	11.8589008755 
1578.0	2.69123196819e+50	11.827040305 
1579.0	2.66318613407e+50	11.8014682211 
1580.0	2.65068713024e+50	11.7849782171 
1581.0	2.65570116554e+50	11.7811122965 
1582.0	2.68138471327e+50	11.7967319482 
1583.0	2.68037271484e+50	11.7848052616 
1584.0	2.69504329012e+50	11.8328927547 
1585.0	2.68885672634e+50	11.8105183424 
1586.0	2.6939222929e+50	11.8358978245 
1587.0	2.69264417662e+50	11.8272913576 
1588.0	2.66050700048e+50	11.7718162972 
1589.0	2.63457964112e+50	11.7528333234 
1590.0	2.62922739331e+50	11.7516738709 
1591.0	2.62717142599e+50	11.7452740444 
1592.0	2.63446388985e+50	11.7414376642 
1593.0	2.65240883283e+50	11.761633439 
1594.0	2.65685552559e+50	11.7903674216 
1595.0	2.67230055606e+50	11.806071814 
1596.0	2.67679782432e+50	11.7850032904 
1597.0	2.66588599249e+50	11.7611200177 
1598.0	2.66480981958e+50	11.7756960357 
1599.0	2.67082939961e+50	11.7625145572 
1600.0	2.66849248294e+50	11.7834547101 
1601.0	2.70755170366e+50	11.8564167687 
1602.0	2.65968424212e+50	11.7542846529 
1603.0	2.62396094108e+50	11.7346585536 
1604.0	2.61736349011e+50	11.7259828715 
1605.0	2.62152127855e+50	11.7285850282 
1606.0	2.62106146581e+50	11.7176781593 
1607.0	2.62185233189e+50	11.7112004458 
1608.0	2.61487712143e+50	11.6886149137 
1609.0	2.60864969233e+50	11.6606341881 
1610.0	2.59774833771e+50	11.6904083446 
1611.0	2.59270626137e+50	11.6830762312 
1612.0	2.57517767138e+50	11.6642620211 
1613.0	2.56459599644e+50	11.6421877332 
1614.0	2.56136250873e+50	11.6356622895 
1615.0	2.55311269338e+50	11.6279626562 
1616.0	2.57784883385e+50	11.661830218 
1617.0	2.57971982425e+50	11.6484704524 
1618.0	2.59721359149e+50	11.676581859 
1619.0	2.54817304541e+50	11.6120585508 
1620.0	2.54251436904e+50	11.6097826727 
1621.0	2.55625499596e+50	11.6294184032 
1622.0	2.55962050902e+50	11.6131798864 
1623.0	2.55443760441e+50	11.5990873087 
1624.0	2.55703526455e+50	11.6122936465 
1625.0	2.55484804518e+50	11.5925263066 
1626.0	2.54101994077e+50	11.5981733309 
1627.0	2.53258447882e+50	11.6244413673 
1628.0	2.52293745228e+50	11.5889291504 
1629.0	2.55518307338e+50	11.6209410234 
1630.0	2.56749109905e+50	11.6306329487 
1631.0	2.59498967178e+50	11.6833007608 
1632.0	2.56501760217e+50	11.6300630259 
1633.0	2.57146209773e+50	11.6497520103 
1634.0	2.59035666107e+50	11.6432037988 
1635.0	2.55352706179e+50	11.6165606571 
1636.0	2.51706517322e+50	11.5467826107 
1637.0	2.5237150253e+50	11.5911417756 
1638.0	2.52965288972e+50	11.5673955653 
1639.0	2.51441161202e+50	11.5463543246 
1640.0	2.5062732599e+50	11.5390196877 
1641.0	2.49560424733e+50	11.5438479736 
1642.0	2.48340738787e+50	11.530464733 
1643.0	2.47753733638e+50	11.5317757787 
1644.0	2.46978346829e+50	11.5305779215 
1645.0	2.51897675665e+50	11.5734105956 
1646.0	2.53306006215e+50	11.5663207862 
1647.0	2.48688652912e+50	11.5073574861 
1648.0	2.46749939382e+50	11.5001101023 
1649.0	2.45194323927e+50	11.4902138047 
1650.0	2.45851870156e+50	11.4873079857 
1651.0	2.44795636773e+50	11.4558945502 
1652.0	2.43184229942e+50	11.4173088042 
1653.0	2.41876287589e+50	11.4284484421 
1654.0	2.41244534341e+50	11.413999679 
1655.0	2.39747002517e+50	11.3987458108 
1656.0	2.38674012281e+50	11.3696702104 
1657.0	2.39551418859e+50	11.370809923 
1658.0	2.37680067266e+50	11.3642864857 
1659.0	2.38046278489e+50	11.3815207141 
1660.0	2.39199000372e+50	11.364492734 
1661.0	2.39341636662e+50	11.3579239147 
1662.0	2.3917091489e+50	11.361468201 
1663.0	2.39722182668e+50	11.3531832743 
1664.0	2.41935515214e+50	11.3835820419 
1665.0	2.38652568987e+50	11.3308050325 
1666.0	2.39702411983e+50	11.3726495506 
1667.0	2.38793663992e+50	11.3388128882 
1668.0	2.37708930522e+50	11.3268201597 
1669.0	2.36363366549e+50	11.324596896 
1670.0	2.34941679263e+50	11.3046539001 
1671.0	2.34397505498e+50	11.3162130946 
1672.0	2.3470177499e+50	11.2680965389 
1673.0	2.33528636644e+50	11.2653727241 
1674.0	2.32812464181e+50	11.2607305456 
1675.0	2.3235059473e+50	11.247427899 
1676.0	2.31950146938e+50	11.2404333543 
1677.0	2.32145979022e+50	11.2257022163 
1678.0	2.31932689188e+50	11.2473252432 
1679.0	2.33801937482e+50	11.2468128553 
1680.0	2.32532453736e+50	11.2345699411 
1681.0	2.37992608151e+50	11.2902095718 
1682.0	2.35053865891e+50	11.2405073799 
1683.0	2.34686823063e+50	11.236220961 
1684.0	2.29356686186e+50	11.2271518753 
1685.0	2.27492737294e+50	11.1980678716 
1686.0	2.2670024022e+50	11.1773497603 
1687.0	2.27011483159e+50	11.1770647646 
1688.0	2.26104467176e+50	11.1622179407 
1689.0	2.25967893606e+50	11.1544881044 
1690.0	2.27799190531e+50	11.1714214864 
1691.0	2.27842381726e+50	11.1444702293 
1692.0	2.33311601907e+50	11.2074296544 
1693.0	2.35072245076e+50	11.2183279477 
1694.0	2.29765777598e+50	11.167982102 
1695.0	2.26670383147e+50	11.1337426384 
1696.0	2.23714353173e+50	11.0786006333 
1697.0	2.2320941043e+50	11.0902706997 
1698.0	2.22281543617e+50	11.0665363512 
1699.0	2.21134912266e+50	11.0650648965 
1700.0	2.21198758932e+50	11.0525411952 
1701.0	2.20465193967e+50	11.0374309461 
1702.0	2.20722929474e+50	11.0400560284 
1703.0	2.1984722857e+50	11.0104086073 
