-100.0	0.0	nan 
-99.0	0.0	nan 
-98.0	0.0	nan 
-97.0	0.0	nan 
-96.0	0.0	nan 
-95.0	0.0	nan 
-94.0	0.0	nan 
-93.0	0.0	nan 
-92.0	0.0	nan 
-91.0	0.0	nan 
-90.0	0.0	nan 
-89.0	0.0	nan 
-88.0	0.0	nan 
-87.0	0.0	nan 
-86.0	0.0	nan 
-85.0	0.0	nan 
-84.0	0.0	nan 
-83.0	0.0	nan 
-82.0	0.0	nan 
-81.0	0.0	nan 
-80.0	0.0	nan 
-79.0	0.0	nan 
-78.0	0.0	nan 
-77.0	0.0	nan 
-76.0	0.0	nan 
-75.0	0.0	nan 
-74.0	0.0	nan 
-73.0	0.0	nan 
-72.0	0.0	nan 
-71.0	0.0	nan 
-70.0	0.0	nan 
-69.0	0.0	nan 
-68.0	0.0	nan 
-67.0	0.0	nan 
-66.0	0.0	nan 
-65.0	0.0	nan 
-64.0	0.0	nan 
-63.0	0.0	nan 
-62.0	0.0	nan 
-61.0	0.0	nan 
-60.0	0.0	nan 
-59.0	0.0	nan 
-58.0	0.0	nan 
-57.0	0.0	nan 
-56.0	0.0	nan 
-55.0	0.0	nan 
-54.0	0.0	nan 
-53.0	0.0	nan 
-52.0	0.0	nan 
-51.0	0.0	nan 
-50.0	0.0	nan 
-49.0	0.0	nan 
-48.0	0.0	nan 
-47.0	0.0	nan 
-46.0	0.0	nan 
-45.0	0.0	nan 
-44.0	0.0	nan 
-43.0	0.0	nan 
-42.0	0.0	nan 
-41.0	0.0	nan 
-40.0	0.0	nan 
-39.0	0.0	nan 
-38.0	0.0	nan 
-37.0	0.0	nan 
-36.0	0.0	nan 
-35.0	0.0	nan 
-34.0	0.0	nan 
-33.0	0.0	nan 
-32.0	0.0	nan 
-31.0	0.0	nan 
-30.0	0.0	nan 
-29.0	0.0	nan 
-28.0	0.0	nan 
-27.0	0.0	nan 
-26.0	0.0	nan 
-25.0	0.0	nan 
-24.0	0.0	nan 
-23.0	0.0	nan 
-22.0	0.0	nan 
-21.0	0.0	nan 
-20.0	0.0	nan 
-19.0	0.0	nan 
-18.0	0.0	nan 
-17.0	0.0	nan 
-16.0	0.0	nan 
-15.0	0.0	nan 
-14.0	0.0	nan 
-13.0	0.0	nan 
-12.0	0.0	nan 
-11.0	0.0	nan 
-10.0	0.0	nan 
-9.0	0.0	nan 
-8.0	0.0	nan 
-7.0	0.0	nan 
-6.0	0.0	nan 
-5.0	0.0	nan 
-4.0	0.0	nan 
-3.0	0.0	nan 
-2.0	0.0	nan 
-1.0	0.0	nan 
0.0	0.0	nan 
1.0	0.0	nan 
2.0	0.0	nan 
3.0	0.0	nan 
4.0	0.0	nan 
5.0	0.0	nan 
6.0	0.0	nan 
7.0	0.0	nan 
8.0	0.0	nan 
9.0	0.0	nan 
10.0	0.0	nan 
11.0	0.0	nan 
12.0	0.0	nan 
13.0	0.0	nan 
14.0	0.0	nan 
15.0	0.0	nan 
16.0	0.0	nan 
17.0	0.0	nan 
18.0	0.0	nan 
19.0	0.0	nan 
20.0	0.0	nan 
21.0	0.0	nan 
22.0	0.0	nan 
23.0	0.0	nan 
24.0	0.0	nan 
25.0	0.0	nan 
26.0	0.0	nan 
27.0	0.0	nan 
28.0	0.0	nan 
29.0	0.0	nan 
30.0	0.0	nan 
31.0	0.0	nan 
32.0	0.0	nan 
33.0	0.0	nan 
34.0	0.0	nan 
35.0	0.0	nan 
36.0	0.0	nan 
37.0	0.0	nan 
38.0	0.0	nan 
39.0	0.0	nan 
40.0	0.0	nan 
41.0	0.0	nan 
42.0	0.0	nan 
43.0	0.0	nan 
44.0	0.0	nan 
45.0	0.0	nan 
46.0	0.0	nan 
47.0	0.0	nan 
48.0	0.0	nan 
49.0	0.0	nan 
50.0	0.0	nan 
51.0	0.0	nan 
52.0	0.0	nan 
53.0	0.0	nan 
54.0	0.0	nan 
55.0	0.0	nan 
56.0	0.0	nan 
57.0	0.0	nan 
58.0	0.0	nan 
59.0	0.0	nan 
60.0	0.0	nan 
61.0	0.0	nan 
62.0	0.0	nan 
63.0	0.0	nan 
64.0	0.0	nan 
65.0	0.0	nan 
66.0	0.0	nan 
67.0	0.0	nan 
68.0	0.0	nan 
69.0	0.0	nan 
70.0	0.0	nan 
71.0	0.0	nan 
72.0	0.0	nan 
73.0	0.0	nan 
74.0	0.0	nan 
75.0	0.0	nan 
76.0	0.0	nan 
77.0	0.0	nan 
78.0	0.0	nan 
79.0	0.0	nan 
80.0	0.0	nan 
81.0	0.0	nan 
82.0	0.0	nan 
83.0	0.0	nan 
84.0	0.0	nan 
85.0	0.0	nan 
86.0	0.0	nan 
87.0	0.0	nan 
88.0	0.0	nan 
89.0	0.0	nan 
90.0	0.0	nan 
91.0	0.0	nan 
92.0	0.0	nan 
93.0	0.0	nan 
94.0	0.0	nan 
95.0	0.0	nan 
96.0	0.0	nan 
97.0	0.0	nan 
98.0	0.0	nan 
99.0	0.0	nan 
100.0	0.0	nan 
101.0	0.0	nan 
102.0	0.0	nan 
103.0	0.0	nan 
104.0	0.0	nan 
105.0	0.0	nan 
106.0	0.0	nan 
107.0	0.0	nan 
108.0	0.0	nan 
109.0	0.0	nan 
110.0	0.0	nan 
111.0	0.0	nan 
112.0	0.0	nan 
113.0	0.0	nan 
114.0	0.0	nan 
115.0	0.0	nan 
116.0	0.0	nan 
117.0	0.0	nan 
118.0	0.0	nan 
119.0	0.0	nan 
120.0	0.0	nan 
121.0	0.0	nan 
122.0	0.0	nan 
123.0	0.0	nan 
124.0	0.0	nan 
125.0	0.0	nan 
126.0	0.0	nan 
127.0	0.0	nan 
128.0	0.0	nan 
129.0	0.0	nan 
130.0	0.0	nan 
131.0	0.0	nan 
132.0	0.0	nan 
133.0	0.0	nan 
134.0	0.0	nan 
135.0	0.0	nan 
136.0	0.0	nan 
137.0	0.0	nan 
138.0	0.0	nan 
139.0	0.0	nan 
140.0	0.0	nan 
141.0	0.0	nan 
142.0	0.0	nan 
143.0	0.0	nan 
144.0	0.0	nan 
145.0	0.0	nan 
146.0	0.0	nan 
147.0	0.0	nan 
148.0	0.0	nan 
149.0	0.0	nan 
150.0	0.0	nan 
151.0	0.0	nan 
152.0	0.0	nan 
153.0	0.0	nan 
154.0	0.0	nan 
155.0	0.0	nan 
156.0	0.0	nan 
157.0	0.0	nan 
158.0	0.0	nan 
159.0	0.0	nan 
160.0	0.0	nan 
161.0	0.0	nan 
162.0	0.0	nan 
163.0	0.0	nan 
164.0	0.0	nan 
165.0	0.0	nan 
166.0	0.0	nan 
167.0	0.0	nan 
168.0	0.0	nan 
169.0	0.0	nan 
170.0	0.0	nan 
171.0	0.0	nan 
172.0	0.0	nan 
173.0	0.0	nan 
174.0	0.0	nan 
175.0	0.0	nan 
176.0	0.0	nan 
177.0	0.0	nan 
178.0	0.0	nan 
179.0	0.0	nan 
180.0	0.0	nan 
181.0	0.0	nan 
182.0	0.0	nan 
183.0	0.0	nan 
184.0	0.0	nan 
185.0	0.0	nan 
186.0	0.0	nan 
187.0	0.0	nan 
188.0	0.0	nan 
189.0	0.0	nan 
190.0	0.0	nan 
191.0	0.0	nan 
192.0	0.0	nan 
193.0	0.0	nan 
194.0	0.0	nan 
195.0	0.0	nan 
196.0	0.0	nan 
197.0	0.0	nan 
198.0	0.0	nan 
199.0	0.0	nan 
200.0	0.0	nan 
201.0	0.0	nan 
202.0	0.0	nan 
203.0	0.0	nan 
204.0	0.0	nan 
205.0	0.0	nan 
206.0	0.0	nan 
207.0	0.0	nan 
208.0	0.0	nan 
209.0	0.0	nan 
210.0	0.0	nan 
211.0	0.0	nan 
212.0	0.0	nan 
213.0	0.0	nan 
214.0	0.0	nan 
215.0	0.0	nan 
216.0	0.0	nan 
217.0	0.0	nan 
218.0	0.0	nan 
219.0	0.0	nan 
220.0	0.0	nan 
221.0	0.0	nan 
222.0	0.0	nan 
223.0	0.0	nan 
224.0	0.0	nan 
225.0	0.0	nan 
226.0	0.0	nan 
227.0	0.0	nan 
228.0	0.0	nan 
229.0	0.0	nan 
230.0	0.0	nan 
231.0	0.0	nan 
232.0	0.0	nan 
233.0	0.0	nan 
234.0	0.0	nan 
235.0	0.0	nan 
236.0	0.0	nan 
237.0	0.0	nan 
238.0	0.0	nan 
239.0	0.0	nan 
240.0	0.0	nan 
241.0	0.0	nan 
242.0	0.0	nan 
243.0	0.0	nan 
244.0	0.0	nan 
245.0	0.0	nan 
246.0	0.0	nan 
247.0	0.0	nan 
248.0	0.0	nan 
249.0	0.0	nan 
250.0	0.0	nan 
251.0	0.0	nan 
252.0	0.0	nan 
253.0	0.0	nan 
254.0	0.0	nan 
255.0	0.0	nan 
256.0	0.0	nan 
257.0	0.0	nan 
258.0	0.0	nan 
259.0	0.0	nan 
260.0	0.0	nan 
261.0	0.0	nan 
262.0	0.0	nan 
263.0	0.0	nan 
264.0	0.0	nan 
265.0	0.0	nan 
266.0	0.0	nan 
267.0	0.0	nan 
268.0	0.0	nan 
269.0	0.0	nan 
270.0	0.0	nan 
271.0	0.0	nan 
272.0	0.0	nan 
273.0	0.0	nan 
274.0	0.0	nan 
275.0	0.0	nan 
276.0	0.0	nan 
277.0	0.0	nan 
278.0	0.0	nan 
279.0	0.0	nan 
280.0	0.0	nan 
281.0	0.0	nan 
282.0	0.0	nan 
283.0	0.0	nan 
284.0	0.0	nan 
285.0	0.0	nan 
286.0	0.0	nan 
287.0	0.0	nan 
288.0	0.0	nan 
289.0	0.0	nan 
290.0	0.0	nan 
291.0	0.0	nan 
292.0	0.0	nan 
293.0	0.0	nan 
294.0	0.0	nan 
295.0	0.0	nan 
296.0	0.0	nan 
297.0	0.0	nan 
298.0	0.0	nan 
299.0	0.0	nan 
300.0	0.0	nan 
301.0	0.0	nan 
302.0	0.0	nan 
303.0	0.0	nan 
304.0	0.0	nan 
305.0	0.0	nan 
306.0	0.0	nan 
307.0	0.0	nan 
308.0	0.0	nan 
309.0	0.0	nan 
310.0	0.0	nan 
311.0	0.0	nan 
312.0	0.0	nan 
313.0	0.0	nan 
314.0	0.0	nan 
315.0	0.0	nan 
316.0	0.0	nan 
317.0	0.0	nan 
318.0	0.0	nan 
319.0	0.0	nan 
320.0	0.0	nan 
321.0	0.0	nan 
322.0	0.0	nan 
323.0	0.0	nan 
324.0	0.0	nan 
325.0	0.0	nan 
326.0	0.0	nan 
327.0	0.0	nan 
328.0	0.0	nan 
329.0	0.0	nan 
330.0	0.0	nan 
331.0	0.0	nan 
332.0	0.0	nan 
333.0	0.0	nan 
334.0	0.0	nan 
335.0	0.0	nan 
336.0	0.0	nan 
337.0	0.0	nan 
338.0	0.0	nan 
339.0	0.0	nan 
340.0	0.0	nan 
341.0	0.0	nan 
342.0	0.0	nan 
343.0	0.0	nan 
344.0	0.0	nan 
345.0	0.0	nan 
346.0	0.0	nan 
347.0	0.0	nan 
348.0	0.0	nan 
349.0	0.0	nan 
350.0	0.0	nan 
351.0	0.0	nan 
352.0	0.0	nan 
353.0	0.0	nan 
354.0	0.0	nan 
355.0	0.0	nan 
356.0	0.0	nan 
357.0	1.12694917696e+48	10.3706903119 
358.0	0.0	nan 
359.0	4.24047440088e+47	10.792667063 
360.0	7.411770479e+48	11.5372870836 
361.0	9.20718704612e+48	15.2019914397 
362.0	6.89935673583e+48	15.1179746482 
363.0	4.96742958849e+48	15.2288095075 
364.0	3.07560162636e+48	15.0694475307 
365.0	1.25648057012e+48	15.1820674516 
366.0	5.49239915197e+47	15.2626265765 
367.0	4.01297516524e+47	14.548199839 
368.0	2.07626109732e+47	14.0789795437 
369.0	1.98664287237e+47	13.2050956958 
370.0	2.55360366127e+47	13.4816651848 
371.0	8.8168971929e+47	13.8671941522 
372.0	7.80090043594e+48	14.4742366832 
373.0	2.16155357643e+49	16.4125689227 
374.0	3.40076017909e+49	17.2082036126 
375.0	6.76259530013e+49	17.9228826066 
376.0	1.11867896328e+50	18.1693077129 
377.0	1.37488524155e+50	18.7184550402 
378.0	1.98877027248e+50	19.2906814742 
379.0	2.42648216552e+50	20.446420655 
380.0	2.40964590034e+50	21.1975820196 
381.0	1.85832862389e+50	21.0996032383 
382.0	1.36500178435e+50	21.6291102545 
383.0	1.4212548641e+50	20.7225197259 
384.0	1.59001081986e+50	20.4873501785 
385.0	1.61116772967e+50	20.1467485119 
386.0	1.5087964769e+50	19.8682509531 
387.0	1.18185484484e+50	19.0917242259 
388.0	7.95406134639e+49	20.1962420774 
389.0	7.20748473179e+49	19.0576591976 
390.0	6.51146892753e+49	18.7459019928 
391.0	4.78509878631e+49	18.7318718426 
392.0	5.2027889615e+49	18.2881549155 
393.0	6.73581924456e+49	18.2648089575 
394.0	1.13234270843e+50	18.6759872293 
395.0	2.17719452044e+50	19.8338768718 
396.0	1.89619336008e+50	20.9557007261 
397.0	2.21499364e+50	20.4871894449 
398.0	3.94906479361e+50	21.4657999687 
399.0	5.67121438542e+50	21.8951911872 
400.0	5.70610340837e+50	21.5623002429 
401.0	5.08827390857e+50	21.0569021203 
402.0	5.02415606115e+50	20.6987644049 
403.0	5.28662882127e+50	21.594964294 
404.0	5.02695256289e+50	23.9279260469 
405.0	6.45395750334e+50	24.020996807 
406.0	8.01885751298e+50	23.732528506 
407.0	9.75422810788e+50	23.5144298887 
408.0	1.09049370261e+51	23.9785523616 
409.0	1.12892392898e+51	23.6321850469 
410.0	1.03827843494e+51	22.9305617199 
411.0	8.45880970759e+50	21.6991622426 
412.0	6.37484951973e+50	20.3182656219 
413.0	4.63006804875e+50	19.0737668576 
414.0	3.92089302295e+50	18.9218079844 
415.0	3.29104773734e+50	18.5811260447 
416.0	3.11987331689e+50	18.3081751331 
417.0	3.97529926465e+50	19.9516095791 
418.0	7.10653140045e+50	22.0540722175 
419.0	5.8335749327e+50	21.222709375 
420.0	5.39537045424e+50	20.5972311225 
421.0	4.83132854242e+50	20.1303783214 
422.0	4.16108522391e+50	19.4679401591 
423.0	3.78090195449e+50	19.3916090039 
424.0	4.04457891545e+50	19.8495050233 
425.0	5.08114068344e+50	20.8156616789 
426.0	7.61278324423e+50	22.3113882404 
427.0	1.25558922961e+51	22.7421259288 
428.0	1.48255488985e+51	22.9446279267 
429.0	1.36396745773e+51	22.4758049213 
430.0	1.22701230864e+51	21.7956120131 
431.0	8.62386383675e+50	20.464468667 
432.0	6.40210495157e+50	19.2659261659 
433.0	4.99071600563e+50	18.5817016033 
434.0	4.28033015815e+50	18.4279103924 
435.0	4.51938927071e+50	19.1882723728 
436.0	5.85046821587e+50	20.2498845778 
437.0	7.91831109425e+50	20.9634723658 
438.0	1.16403972738e+51	22.2477488638 
439.0	1.48410172387e+51	22.9108824615 
440.0	1.63571182585e+51	23.0277681331 
441.0	1.54483611387e+51	22.6421409682 
442.0	1.48848576128e+51	22.5154758474 
443.0	1.46657385327e+51	22.6087986421 
444.0	1.39212986755e+51	22.3791658013 
445.0	1.27881804614e+51	22.0471447008 
446.0	1.19752615099e+51	21.6933025607 
447.0	1.16521806217e+51	21.4254665673 
448.0	1.14578012198e+51	21.2965451021 
449.0	1.08118901033e+51	21.0035143614 
450.0	1.02430423168e+51	20.7453067301 
451.0	1.11404266235e+51	21.4262263076 
452.0	1.30619139349e+51	22.5920222904 
453.0	1.32053773049e+51	22.6906253634 
454.0	1.23368633647e+51	22.2537613519 
455.0	1.15867940861e+51	21.7792998574 
456.0	1.12279399947e+51	21.4558101382 
457.0	1.10427302733e+51	21.233182286 
458.0	1.0794152375e+51	20.9638311462 
459.0	1.08092508739e+51	20.8648651202 
460.0	1.08182515348e+51	20.9384883502 
461.0	1.08492458319e+51	20.9829681513 
462.0	1.08473482786e+51	21.0656801711 
463.0	1.06955643075e+51	21.006828839 
464.0	1.04689219783e+51	20.8437722022 
465.0	1.03947862099e+51	20.7872922759 
466.0	1.03746548607e+51	20.7183074976 
467.0	1.07261093724e+51	20.702659102 
468.0	1.09883706979e+51	20.7210945834 
469.0	1.1280504231e+51	20.656126778 
470.0	1.14854946319e+51	20.6144097159 
471.0	1.13514410537e+51	20.613777539 
472.0	1.11167831892e+51	20.6926050384 
473.0	1.07924375242e+51	20.8048420071 
474.0	1.05325072303e+51	20.9444979864 
475.0	1.04649848005e+51	21.0782511311 
476.0	1.05401069029e+51	21.2795702961 
477.0	1.07659411363e+51	21.4786843804 
478.0	1.10475962737e+51	21.673250974 
479.0	1.11533237221e+51	21.8231114174 
480.0	1.11727520479e+51	22.0310912889 
481.0	1.11766000632e+51	22.2171886088 
482.0	1.12599769257e+51	22.3320465778 
483.0	1.12544241869e+51	22.3484499254 
484.0	1.13672470854e+51	22.3518940822 
485.0	1.18260964606e+51	22.6594841415 
486.0	1.23451825964e+51	23.143185707 
487.0	1.26718717819e+51	23.825150146 
488.0	1.28621811026e+51	24.4044093266 
489.0	1.31101227391e+51	25.0090941379 
490.0	1.31468501535e+51	25.6981078555 
491.0	1.36168734349e+51	25.5994837829 
492.0	1.33146677427e+51	24.7959122313 
493.0	1.2620840056e+51	24.2515503903 
494.0	1.23748493083e+51	23.9944519545 
495.0	1.25196414625e+51	23.9715642161 
496.0	1.27401046698e+51	24.4453073112 
497.0	1.2922474445e+51	25.1074983915 
498.0	1.30898277295e+51	25.8107208776 
499.0	1.14409834396e+51	26.1471483315 
500.0	1.15080658436e+51	26.2670546531 
501.0	1.2050157442e+51	26.4465775725 
502.0	1.18856205159e+51	26.3287287684 
503.0	1.10444873304e+51	25.7862650483 
504.0	9.95961920492e+50	25.2647797557 
505.0	9.1329035138e+50	25.1726435281 
506.0	8.26810308735e+50	25.4121728337 
507.0	8.02098384664e+50	25.3225618262 
508.0	7.72203142476e+50	25.1920224471 
509.0	7.32435532103e+50	25.1466362704 
510.0	6.92326544724e+50	25.0418084557 
511.0	6.6340037881e+50	24.7756023934 
512.0	6.35562561887e+50	24.555691856 
513.0	6.08899135557e+50	24.3379278002 
514.0	5.73451427415e+50	24.1178221459 
515.0	5.4547297791e+50	23.8917609363 
516.0	4.98989997405e+50	23.5343187097 
517.0	4.86955511501e+50	23.3701709197 
518.0	4.51167928756e+50	23.1627849568 
519.0	4.29445499493e+50	23.1106613642 
520.0	4.04057718826e+50	22.908205925 
521.0	4.19521013545e+50	22.8999300526 
522.0	4.08525259797e+50	23.1243157985 
523.0	4.11276194421e+50	23.2856144343 
524.0	4.22843731922e+50	23.5308102122 
525.0	4.12516025835e+50	23.4303533418 
526.0	4.08156321251e+50	23.4842297386 
527.0	4.10509607495e+50	23.4657559349 
528.0	4.26383376976e+50	23.8222525502 
529.0	4.16278384983e+50	23.5570183291 
530.0	4.408652123e+50	24.348677407 
531.0	4.27534875593e+50	24.3271521522 
532.0	4.34747879898e+50	24.5049287335 
533.0	4.43105667223e+50	24.6042412489 
534.0	4.35694700459e+50	24.4526160166 
535.0	4.36866622726e+50	24.8824179113 
536.0	4.24240816972e+50	25.0684772888 
537.0	4.3394041723e+50	25.0555262419 
538.0	4.34018291151e+50	25.3688057242 
539.0	4.35227644448e+50	25.6062784422 
540.0	4.1863647747e+50	26.0211924264 
541.0	4.29713723146e+50	26.5273088252 
542.0	4.34115722035e+50	26.1838276531 
543.0	4.25201478176e+50	25.9233857395 
544.0	4.29825537953e+50	25.393495331 
545.0	4.24228026042e+50	25.9398722284 
546.0	4.50598625115e+50	26.4152979446 
547.0	4.5409258314e+50	26.3062340615 
548.0	4.71043655086e+50	26.0688196705 
549.0	4.82830125997e+50	25.325932223 
550.0	4.75741563556e+50	25.3698048434 
551.0	5.02337651691e+50	25.7274869484 
552.0	4.92373800059e+50	26.1238464071 
553.0	5.04479958677e+50	26.1550916135 
554.0	5.35199609694e+50	25.648746488 
555.0	5.32175051614e+50	26.1044953862 
556.0	5.66351799339e+50	25.6191088664 
557.0	5.60276329452e+50	25.4127859785 
558.0	5.88877362806e+50	25.2208124542 
559.0	5.86545742643e+50	24.9096946144 
560.0	6.10345259942e+50	24.4599286506 
561.0	6.64702507052e+50	24.9745416256 
562.0	7.1327288832e+50	26.0848932968 
563.0	7.12397678453e+50	25.996037193 
564.0	6.81044366806e+50	25.8419474177 
565.0	6.9338535051e+50	25.6807334952 
566.0	6.88942749722e+50	26.0508695133 
567.0	6.8079473635e+50	26.2187575588 
568.0	6.81162162759e+50	26.3156473047 
569.0	6.80150638126e+50	26.3863960111 
570.0	6.80967382069e+50	26.401211622 
571.0	6.71079438846e+50	26.2755630292 
572.0	6.62627944959e+50	26.0038127092 
573.0	6.56911254989e+50	25.7655773778 
574.0	6.51217201099e+50	25.6790341882 
575.0	6.50498085985e+50	25.6395301571 
576.0	6.56604968478e+50	25.5014894741 
577.0	6.57266595807e+50	25.4463773259 
578.0	6.61208901719e+50	25.4534465643 
579.0	6.75768636886e+50	25.3819066507 
580.0	6.68525293815e+50	24.8903022129 
581.0	6.73989039693e+50	24.5740501358 
582.0	6.79347930996e+50	24.8275206951 
583.0	7.03395018711e+50	25.013631125 
584.0	7.25770779195e+50	25.1917812976 
585.0	7.36733774174e+50	25.0384177237 
586.0	7.42881776799e+50	24.9121822716 
587.0	7.47138783898e+50	24.8175851352 
588.0	7.50633616977e+50	24.7790116086 
589.0	7.48808552135e+50	24.8251471833 
590.0	7.4826916675e+50	24.8585870651 
591.0	7.48989879829e+50	24.8469207502 
592.0	7.46166314516e+50	24.8989566806 
593.0	7.45514723686e+50	24.9187359772 
594.0	7.43941570601e+50	24.9866344512 
595.0	7.43802452156e+50	25.0277155775 
596.0	7.39488950684e+50	25.1172715255 
597.0	7.3629942968e+50	25.1715177154 
598.0	7.34471886678e+50	25.2062758838 
599.0	7.30664805701e+50	25.2633657137 
600.0	7.26831429641e+50	25.2973573135 
601.0	7.23315722857e+50	25.3247736109 
602.0	7.21688261401e+50	25.3384032085 
603.0	7.19665047187e+50	25.3341953971 
604.0	7.17101263216e+50	25.3099195434 
605.0	7.14428764318e+50	25.2591427237 
606.0	7.11064338563e+50	25.2030958524 
607.0	7.08443479099e+50	25.1170537649 
608.0	7.04779316063e+50	25.0217396859 
609.0	7.00401142509e+50	24.937802658 
610.0	6.97883913219e+50	24.8491320053 
611.0	6.94618107082e+50	24.7500578365 
612.0	6.94170143827e+50	24.6294784672 
613.0	6.93281457061e+50	24.5035625192 
614.0	6.93746698094e+50	24.4081341401 
615.0	6.94615928134e+50	24.337693138 
616.0	6.94666945492e+50	24.2656447492 
617.0	6.96585924347e+50	24.1883970781 
618.0	6.93532047118e+50	24.1301076395 
619.0	6.93591071771e+50	24.1344536974 
620.0	6.98257408572e+50	24.0877035094 
621.0	7.03172449878e+50	24.0937678345 
622.0	7.06784052782e+50	24.0754725467 
623.0	7.10565821194e+50	24.0553658775 
624.0	7.12459601905e+50	23.9910069358 
625.0	7.10396999111e+50	23.9578819685 
626.0	7.07466640047e+50	23.9051902609 
627.0	7.0399113326e+50	23.8553411374 
628.0	6.99935817337e+50	23.8355576619 
629.0	6.97342950401e+50	23.7499762338 
630.0	6.92141054943e+50	23.6881034249 
631.0	6.89201426805e+50	23.5674262215 
632.0	6.8481506528e+50	23.4888551864 
633.0	6.82264238145e+50	23.4255139273 
634.0	6.79531341841e+50	23.3568819501 
635.0	6.81138491893e+50	23.295381428 
636.0	6.79649213922e+50	23.2328021001 
637.0	6.74354543885e+50	23.164902824 
638.0	6.69589606553e+50	23.1510601159 
639.0	6.68738756325e+50	23.1043597118 
640.0	6.64907415635e+50	23.1316384355 
641.0	6.62941697107e+50	23.1037332291 
642.0	6.58481427782e+50	23.1236208948 
643.0	6.53574548443e+50	23.1214003029 
644.0	6.49069233225e+50	23.1102070432 
645.0	6.42311713933e+50	23.123325264 
646.0	6.35962326661e+50	23.1115027538 
647.0	6.29176724203e+50	23.1056491023 
648.0	6.22215377608e+50	23.1217952963 
649.0	6.16449371384e+50	23.1182387747 
650.0	6.11669941642e+50	23.0945794386 
651.0	6.06081534826e+50	23.1160494959 
652.0	6.03059381859e+50	23.084706476 
653.0	5.98558286607e+50	23.0783227894 
654.0	5.95564599676e+50	23.056224927 
655.0	5.91435608221e+50	23.0502890358 
656.0	5.87289845797e+50	23.0169461971 
657.0	5.86752496736e+50	22.933633504 
658.0	5.83199225748e+50	22.8546871524 
659.0	5.81973175959e+50	22.7760082386 
660.0	5.80033306681e+50	22.6869444236 
661.0	5.79282945303e+50	22.619392736 
662.0	5.79837542229e+50	22.5677062286 
663.0	5.80804801172e+50	22.5378717142 
664.0	5.81897106721e+50	22.5244191957 
665.0	5.84872902181e+50	22.5146697101 
666.0	5.87085348737e+50	22.5253643607 
667.0	5.77455117401e+50	22.3905014881 
668.0	5.77044270331e+50	22.3399548364 
669.0	5.78156797805e+50	22.2418331114 
670.0	5.79188547045e+50	22.2405307817 
671.0	5.78147208344e+50	22.2007283666 
672.0	5.7623452451e+50	22.1916992027 
673.0	5.74865764419e+50	22.1600601262 
674.0	5.73398208321e+50	22.1219198344 
675.0	5.704826342e+50	22.0938318743 
676.0	5.6987013685e+50	22.0352432218 
677.0	5.6987013685e+50	22.0352432218 
678.0	5.65557490067e+50	21.9876070305 
679.0	5.63324171947e+50	21.8974923163 
680.0	5.59770611997e+50	21.8132084462 
681.0	5.59160912083e+50	21.6973103248 
682.0	5.56192810892e+50	21.6478742971 
683.0	5.54004933982e+50	21.5929045775 
684.0	5.52773010791e+50	21.544249429 
685.0	5.50807012414e+50	21.4765477224 
686.0	5.48971368475e+50	21.4220516438 
687.0	5.48289237478e+50	21.3641137137 
688.0	5.47010037072e+50	21.3327785034 
689.0	5.46854544548e+50	21.2774321049 
690.0	5.47821088387e+50	21.2337747582 
691.0	5.49142662422e+50	21.17176035 
692.0	5.49256353534e+50	21.1159839172 
693.0	5.50348350206e+50	21.0651333837 
694.0	5.49449851326e+50	21.0001449209 
695.0	5.5004887319e+50	20.9420208045 
696.0	5.50518777556e+50	20.854471811 
697.0	5.4993514766e+50	20.7675420488 
698.0	5.48323352838e+50	20.7279001365 
699.0	5.45707571772e+50	20.7115101904 
700.0	5.42627722039e+50	20.7359474101 
701.0	5.36975605118e+50	20.7732230421 
702.0	5.3133367935e+50	20.8083436072 
703.0	5.26558111942e+50	20.830685815 
704.0	5.21134171235e+50	20.8475132856 
705.0	5.16818267819e+50	20.841859669 
706.0	5.13205029618e+50	20.8188031916 
707.0	5.10322055847e+50	20.8004807094 
708.0	5.08459642641e+50	20.7493279812 
709.0	5.0604472359e+50	20.7025311678 
710.0	5.05622899033e+50	20.6190403685 
711.0	5.03700864148e+50	20.5607312191 
712.0	5.01490386188e+50	20.5011330238 
713.0	4.99445829583e+50	20.4476211671 
714.0	4.95673425438e+50	20.4031015268 
715.0	4.93807983927e+50	20.3421317996 
716.0	4.89912385435e+50	20.3043678385 
717.0	4.88427033361e+50	20.2468659839 
718.0	4.86646971285e+50	20.2122190156 
719.0	4.85001894775e+50	20.1542956153 
720.0	4.83211317302e+50	20.1101664305 
721.0	4.80086598486e+50	20.067150544 
722.0	4.76592518865e+50	20.0043822173 
723.0	4.73922003922e+50	19.9478500747 
724.0	4.69622390991e+50	19.896364782 
725.0	4.67379980961e+50	19.8678876605 
726.0	4.65065660872e+50	19.8112388455 
727.0	4.61852301552e+50	19.7872418795 
728.0	4.58830716439e+50	19.7472056687 
729.0	4.54884427155e+50	19.6946017366 
730.0	4.52685817536e+50	19.6295722116 
731.0	4.49186440472e+50	19.5608482985 
732.0	4.46480093199e+50	19.3878352682 
733.0	4.44567730527e+50	19.2493956519 
734.0	4.44938498287e+50	19.1056254053 
735.0	4.43815118078e+50	19.0608284167 
736.0	4.42396795751e+50	18.9682062582 
737.0	4.36693214167e+50	18.8729287618 
738.0	4.32074789346e+50	18.7920881128 
739.0	4.30048484088e+50	18.7195178925 
740.0	4.27116192802e+50	18.6862086965 
741.0	4.26000230202e+50	18.6606195346 
742.0	4.2337103708e+50	18.6234340175 
743.0	4.22416318506e+50	18.5678134356 
744.0	4.21584346432e+50	18.4883329651 
745.0	4.21028680085e+50	18.3911047726 
746.0	4.20148403639e+50	18.3350088577 
747.0	4.18897935399e+50	18.2847225953 
748.0	4.1800751965e+50	18.2309185477 
749.0	4.17078901129e+50	18.1688693288 
750.0	4.15987976988e+50	18.1042469155 
751.0	4.14743538749e+50	18.0422378015 
752.0	4.14413915562e+50	17.9865020156 
753.0	4.15775089774e+50	17.9081317667 
754.0	4.14857848946e+50	17.9051487536 
755.0	4.14950472162e+50	17.9037400731 
756.0	4.13148712153e+50	17.8546656284 
757.0	4.10277238307e+50	17.8340266191 
758.0	4.05645795455e+50	17.7088425117 
759.0	3.99845155142e+50	17.6467719945 
760.0	3.95771852287e+50	17.5256468239 
761.0	3.89963504397e+50	17.4851272007 
762.0	3.86408975325e+50	17.4200838096 
763.0	3.79443544354e+50	17.4073111373 
764.0	3.73883007912e+50	17.4404735488 
765.0	3.6939551369e+50	17.3954390077 
766.0	3.63693439681e+50	17.4056564519 
767.0	3.58215444462e+50	17.3783427279 
768.0	3.52828632504e+50	17.3275935038 
769.0	3.47942540792e+50	17.284451417 
770.0	3.44286810055e+50	17.2083119417 
771.0	3.39395285667e+50	17.2209282047 
772.0	3.34790185211e+50	17.2644274677 
773.0	3.31352640949e+50	17.2570984859 
774.0	3.28864825355e+50	17.2720568341 
775.0	3.25607726155e+50	17.2990721082 
776.0	3.23359696972e+50	17.3203329527 
777.0	3.20921276016e+50	17.3849634163 
778.0	3.19977230562e+50	17.3893718851 
779.0	3.18656661277e+50	17.4104494377 
780.0	3.17238585e+50	17.3836589698 
781.0	3.14516096151e+50	17.3358590439 
782.0	3.08984238748e+50	17.3115109169 
783.0	3.06269157376e+50	17.2008432511 
784.0	3.03603684493e+50	17.1568796019 
785.0	3.01642760313e+50	17.1187228107 
786.0	2.9941443175e+50	17.0664714029 
787.0	2.97984845628e+50	17.0115258084 
788.0	2.96383602497e+50	16.9417216611 
789.0	2.9341036453e+50	16.8833690931 
790.0	2.90974409757e+50	16.8452746597 
791.0	2.8897019854e+50	16.7853719523 
792.0	2.87143977375e+50	16.7511917261 
793.0	2.85048516478e+50	16.7425627353 
794.0	2.83020761663e+50	16.7443578673 
795.0	2.8257873367e+50	16.6880723987 
796.0	2.81449609794e+50	16.676027457 
797.0	2.80303928359e+50	16.6999729639 
798.0	2.77300672551e+50	16.7131080679 
799.0	2.74948839601e+50	16.6948622553 
800.0	2.71829802014e+50	16.656553608 
801.0	2.68616328246e+50	16.6189364352 
802.0	2.65646327229e+50	16.5609427458 
803.0	2.62554320974e+50	16.5239588689 
804.0	2.60092097221e+50	16.5176281387 
805.0	2.57073966281e+50	16.5000570571 
806.0	2.62554320974e+50	16.5239588689 
807.0	2.60092097221e+50	16.5176281387 
808.0	2.57073966281e+50	16.5000570571 
809.0	2.55655989383e+50	16.4670935905 
810.0	2.52730239221e+50	16.4586546351 
811.0	2.50768501176e+50	16.4362062666 
812.0	2.48169157927e+50	16.4086921152 
813.0	2.46494004216e+50	16.3884119631 
814.0	2.45635509125e+50	16.3548184462 
815.0	2.43614100387e+50	16.3562345668 
816.0	2.41996428819e+50	16.3778162623 
817.0	2.39939446664e+50	16.377202157 
818.0	2.39455336617e+50	16.3560514955 
819.0	2.3706135095e+50	16.390570608 
820.0	2.36089964139e+50	16.3890476793 
821.0	2.34116686988e+50	16.4003088558 
822.0	2.32866147163e+50	16.3931184079 
823.0	2.3132806728e+50	16.3852458399 
824.0	2.29298235655e+50	16.3683123903 
825.0	2.27784912183e+50	16.3291149455 
826.0	2.25467803461e+50	16.3389679679 
827.0	2.2405462315e+50	16.3144810278 
828.0	2.23047856978e+50	16.3067045331 
829.0	2.21425719272e+50	16.2756851865 
830.0	2.19549097006e+50	16.2732462991 
831.0	2.19338233594e+50	16.2163731989 
832.0	2.17847350806e+50	16.1813765676 
833.0	2.1636621472e+50	16.1452943701 
834.0	2.15256348347e+50	16.0907881796 
835.0	2.1325057882e+50	16.0422153169 
836.0	2.12315132398e+50	16.0289962177 
837.0	2.12921654191e+50	16.016069887 
838.0	2.14328722824e+50	16.0001776388 
839.0	2.14836204714e+50	16.0051326001 
840.0	2.12831319048e+50	16.0033698863 
841.0	2.12092700649e+50	16.0175039677 
842.0	2.12596816276e+50	16.0471658804 
843.0	2.12250219778e+50	16.107947554 
844.0	2.1430974009e+50	16.1456554902 
845.0	2.17872275504e+50	16.1225265763 
846.0	2.21590336025e+50	16.0725647334 
847.0	2.21532145941e+50	16.076603933 
848.0	2.20347977083e+50	16.0464226108 
849.0	2.22303320513e+50	15.9887772699 
850.0	2.26260300285e+50	15.9802950392 
851.0	2.30328142628e+50	15.9429943125 
852.0	2.31469313239e+50	15.9440076946 
853.0	2.33322337838e+50	15.8990224781 
854.0	2.34616518746e+50	15.8565669369 
855.0	2.35217902481e+50	15.8355734272 
856.0	2.36020506425e+50	15.8242821268 
857.0	2.36143918401e+50	15.8153145928 
858.0	2.36663380049e+50	15.7993861085 
859.0	2.36956469792e+50	15.7996799655 
860.0	2.37079645365e+50	15.802006298 
861.0	2.3684884998e+50	15.799869164 
862.0	2.37374746314e+50	15.7980952386 
863.0	2.3738921802e+50	15.8099646545 
864.0	2.37586772301e+50	15.7888492607 
865.0	2.37725163456e+50	15.7648717815 
866.0	2.38034751175e+50	15.7712289064 
867.0	2.38252218391e+50	15.7282770701 
868.0	2.37692480392e+50	15.710245494 
869.0	2.37177010972e+50	15.7098514041 
870.0	2.36713657041e+50	15.6920436471 
871.0	2.36969090917e+50	15.6462110929 
872.0	2.37048241839e+50	15.6388000105 
873.0	2.37832801337e+50	15.5997923436 
874.0	2.37689539957e+50	15.5777602236 
875.0	2.38087641554e+50	15.5302047302 
876.0	2.38640009606e+50	15.5031653181 
877.0	2.37530303608e+50	15.4642724676 
878.0	2.38109844797e+50	15.415651799 
879.0	2.37318381175e+50	15.3945956823 
880.0	2.3597410313e+50	15.3762008061 
881.0	2.34997542798e+50	15.3622082059 
882.0	2.34881459506e+50	15.3400508728 
883.0	2.33574848435e+50	15.3337594528 
884.0	2.32661061445e+50	15.3192570056 
885.0	2.31823959395e+50	15.2807462257 
886.0	2.3120942137e+50	15.2583645043 
887.0	2.29607619711e+50	15.2506600975 
888.0	2.28996371521e+50	15.2293824991 
889.0	2.28751983461e+50	15.1656425103 
890.0	2.27696749428e+50	15.1449926062 
891.0	2.26869616792e+50	15.123465418 
892.0	2.26700258739e+50	15.0419396818 
893.0	2.25773618288e+50	15.0104071448 
894.0	2.23821771856e+50	14.9966844415 
895.0	2.22315590232e+50	14.9828804071 
896.0	2.21288144753e+50	14.9451694134 
897.0	2.19345746616e+50	14.9367120469 
898.0	2.17615019633e+50	14.9375199467 
899.0	2.16368882832e+50	14.933291213 
900.0	2.14887618025e+50	14.9355502804 
901.0	2.138719549e+50	14.9403796612 
902.0	2.14430110036e+50	14.9102798788 
903.0	2.13716076849e+50	14.9124646059 
904.0	2.13652782564e+50	14.904993014 
905.0	2.13939218259e+50	14.8729772698 
906.0	2.13783674098e+50	14.8515367346 
907.0	2.14420394338e+50	14.8184043392 
908.0	2.14553733241e+50	14.8107619187 
909.0	2.13384017449e+50	14.7960746247 
910.0	2.12989444105e+50	14.7899505275 
911.0	2.12068307215e+50	14.8128142225 
912.0	2.10504567869e+50	14.8050241577 
913.0	2.09995426465e+50	14.7981721271 
914.0	2.09348010728e+50	14.8072363203 
915.0	2.0850191185e+50	14.8207928903 
916.0	2.07313121669e+50	14.8330112628 
917.0	2.05261651484e+50	14.8588163961 
918.0	2.03927623531e+50	14.871861622 
919.0	2.02190381134e+50	14.9000594495 
920.0	2.00554037774e+50	14.9358139315 
921.0	1.99546874613e+50	14.9455486979 
922.0	1.9801137454e+50	14.9863085538 
923.0	1.96030752197e+50	15.0108239019 
924.0	1.93270745351e+50	15.0768918485 
925.0	1.91393543911e+50	15.1088172178 
926.0	1.89077982879e+50	15.1563345938 
927.0	1.87285665231e+50	15.1944321343 
928.0	1.85738466762e+50	15.2173132892 
929.0	1.83905779152e+50	15.2234057677 
930.0	1.82008538069e+50	15.2556609145 
931.0	1.80167241786e+50	15.2777606474 
932.0	1.78759158414e+50	15.3123061323 
933.0	1.7735134217e+50	15.3352157216 
934.0	1.75455428216e+50	15.3557570013 
935.0	1.73796803484e+50	15.3808487573 
936.0	1.72079531275e+50	15.4198193845 
937.0	1.70512418261e+50	15.45754132 
938.0	1.68643707728e+50	15.4863503495 
939.0	1.67600377736e+50	15.501540211 
940.0	1.67076936086e+50	15.4899632678 
941.0	1.65942371878e+50	15.5281356788 
942.0	1.6374838439e+50	15.5353509089 
943.0	1.62399625624e+50	15.5651659631 
944.0	1.61035117008e+50	15.5936988261 
945.0	1.59503866614e+50	15.6043948503 
946.0	1.59262477634e+50	15.5998398209 
947.0	1.58254088463e+50	15.6166206767 
948.0	1.56953394505e+50	15.6639727282 
949.0	1.56097728737e+50	15.6587513755 
950.0	1.55523254009e+50	15.6727068238 
951.0	1.54600129133e+50	15.690915999 
952.0	1.53408500932e+50	15.7145274189 
953.0	1.52611036703e+50	15.6772008001 
954.0	1.52128925542e+50	15.6892727192 
955.0	1.51576200719e+50	15.6643183835 
956.0	1.51343851459e+50	15.6514292231 
957.0	1.50726443865e+50	15.6572588149 
958.0	1.5015710952e+50	15.6405107716 
959.0	1.49483672116e+50	15.6531501934 
960.0	1.48851629524e+50	15.6444343507 
961.0	1.48210037467e+50	15.6510253512 
962.0	1.4764570826e+50	15.6467150995 
963.0	1.46842427454e+50	15.6555463498 
964.0	1.46325913755e+50	15.6527850678 
965.0	1.45599710048e+50	15.6588005636 
966.0	1.44987404173e+50	15.6759181177 
967.0	1.44577846334e+50	15.6714984329 
968.0	1.43822394723e+50	15.6589052481 
969.0	1.43313870711e+50	15.6874520867 
970.0	1.42291490136e+50	15.7018189278 
971.0	1.41738721311e+50	15.7182414514 
972.0	1.40732177809e+50	15.7109234245 
973.0	1.40216900008e+50	15.7246663498 
974.0	1.39304397722e+50	15.7526932413 
975.0	1.38807319433e+50	15.7601588038 
976.0	1.38177521075e+50	15.7861203508 
977.0	1.37285564721e+50	15.7854040369 
978.0	1.36835959804e+50	15.8040310975 
979.0	1.36915841749e+50	15.8061648591 
980.0	1.35888215493e+50	15.8117244398 
981.0	1.35289627137e+50	15.8117980682 
982.0	1.35013972966e+50	15.8562374663 
983.0	1.34359468655e+50	15.8598924759 
984.0	1.33402613192e+50	15.8733952609 
985.0	1.32734043997e+50	15.8791627031 
986.0	1.32020953348e+50	15.9316448316 
987.0	1.31174577302e+50	15.9185573074 
988.0	1.30172780313e+50	15.9272881252 
989.0	1.29667914883e+50	15.9273605276 
990.0	1.28861285119e+50	15.9646117121 
991.0	1.27944367651e+50	15.964246596 
992.0	1.27547598074e+50	15.9520369236 
993.0	1.27241949043e+50	15.9826430949 
994.0	1.26625677259e+50	15.9714786934 
995.0	1.25812146813e+50	15.9679429817 
996.0	1.25388016551e+50	16.0117210139 
997.0	1.2489690574e+50	15.9457126972 
998.0	1.24218857586e+50	15.967951986 
999.0	1.23556632116e+50	16.0151345899 
1000.0	1.22733513278e+50	15.9949012937 
1001.0	1.22176383971e+50	16.0227713895 
1002.0	1.21214817683e+50	16.0871471386 
1003.0	1.20805033856e+50	16.072953328 
1004.0	1.19922744295e+50	16.0507298861 
1005.0	1.19078300347e+50	16.1022273489 
1006.0	1.18180293183e+50	16.1192610298 
1007.0	1.17521027488e+50	16.0939449672 
1008.0	1.16931495469e+50	16.1417869809 
1009.0	1.16148719507e+50	16.1133243131 
1010.0	1.15829598423e+50	16.1321519098 
1011.0	1.15188549297e+50	16.154511442 
1012.0	1.14778026456e+50	16.1548001358 
1013.0	1.14325929048e+50	16.1573737004 
1014.0	1.14415710204e+50	16.1124551155 
1015.0	1.14013875088e+50	16.1001480062 
1016.0	1.1362447348e+50	16.0861317881 
1017.0	1.13201570698e+50	16.0974280476 
1018.0	1.12877882944e+50	16.0704868753 
1019.0	1.12270272711e+50	16.0657245974 
1020.0	1.12044007359e+50	16.0650335081 
1021.0	1.11956565211e+50	16.0263498797 
1022.0	1.11400851088e+50	15.9949701094 
1023.0	1.11102509667e+50	16.0398466982 
1024.0	1.11073178434e+50	15.9847276776 
1025.0	1.10759417499e+50	15.9353059709 
1026.0	1.10382602787e+50	15.9006755479 
1027.0	1.10032267893e+50	15.888316303 
1028.0	1.09771599909e+50	15.8552789861 
1029.0	1.09434256033e+50	15.8122595025 
1030.0	1.09283059245e+50	15.785570822 
1031.0	1.09062749805e+50	15.7446538915 
1032.0	1.08895216179e+50	15.703348863 
1033.0	1.08649201368e+50	15.7205615557 
1034.0	1.08160672075e+50	15.66259175 
1035.0	1.08344796691e+50	15.6293111781 
1036.0	1.08365825368e+50	15.6046243367 
1037.0	1.0800535375e+50	15.5704541969 
1038.0	1.0788206414e+50	15.541902489 
1039.0	1.07880511949e+50	15.5510721031 
1040.0	1.074306066e+50	15.4908233117 
1041.0	1.07234347602e+50	15.4816188602 
1042.0	1.07037010694e+50	15.4504765548 
1043.0	1.06788575314e+50	15.4000100122 
1044.0	1.06942718827e+50	15.4111963652 
1045.0	1.06296890649e+50	15.3527559668 
1046.0	1.06421196979e+50	15.3800965069 
1047.0	1.06198270389e+50	15.3080877877 
1048.0	1.06249826403e+50	15.3045360978 
1049.0	1.05895230806e+50	15.2935291884 
1050.0	1.05709752684e+50	15.2734262785 
1051.0	1.05806953556e+50	15.2626146594 
1052.0	1.05105969513e+50	15.2325077448 
1053.0	1.05214957054e+50	15.2456646397 
1054.0	1.04518081328e+50	15.2098639715 
1055.0	1.04197866579e+50	15.1793641649 
1056.0	1.03975580326e+50	15.1805715584 
1057.0	1.03338298651e+50	15.1328245054 
1058.0	1.02773909536e+50	15.1079291575 
1059.0	1.02866937643e+50	15.0733942589 
1060.0	1.02521466908e+50	15.0356382573 
1061.0	1.02077481149e+50	15.0041346416 
1062.0	1.01848969347e+50	14.9994175693 
1063.0	1.01826276873e+50	14.9596261408 
1064.0	1.01400521747e+50	14.9142698627 
1065.0	1.01537857484e+50	14.9334960628 
1066.0	1.01332905207e+50	14.9242809554 
1067.0	1.00810843789e+50	14.8794408793 
1068.0	1.00887298058e+50	14.8832902231 
1069.0	1.0078223033e+50	14.8707753055 
1070.0	1.00338864066e+50	14.8347471408 
1071.0	1.00112088379e+50	14.78567795 
1072.0	9.99751294565e+49	14.7504254709 
1073.0	9.96242940975e+49	14.7053830032 
1074.0	9.94590815696e+49	14.6316061151 
1075.0	9.917526141e+49	14.6355438265 
1076.0	9.88679230803e+49	14.5887297161 
1077.0	9.89762044212e+49	14.5015851726 
1078.0	9.90326918076e+49	14.5069627693 
1079.0	9.90032251595e+49	14.4597951608 
1080.0	9.91501522574e+49	14.3984750248 
1081.0	9.92318826884e+49	14.3881109601 
1082.0	9.90769555452e+49	14.3463239453 
1083.0	9.86233435417e+49	14.3100478826 
1084.0	9.86106275557e+49	14.2944324548 
1085.0	9.82818604731e+49	14.2367771533 
1086.0	9.82238451988e+49	14.2170025738 
1087.0	9.7536693942e+49	14.1604602569 
1088.0	9.78380816366e+49	14.1491329105 
1089.0	9.73502985122e+49	14.0754378302 
1090.0	9.71513602413e+49	14.0370294679 
1091.0	9.69632561896e+49	14.0318543094 
1092.0	9.6312826656e+49	13.9803655363 
1093.0	9.60695588736e+49	13.951403011 
1094.0	9.58127055558e+49	13.9523789088 
1095.0	9.56059722021e+49	13.9110293687 
1096.0	9.5808654632e+49	13.8947591056 
1097.0	9.56884639116e+49	13.9074839197 
1098.0	9.53595847487e+49	13.876936258 
1099.0	9.53916980772e+49	13.8396220543 
1100.0	9.51420824739e+49	13.8629288988 
1101.0	9.50564531908e+49	13.8465147179 
1102.0	9.47744816894e+49	13.7993725651 
1103.0	9.44214518114e+49	13.8015072041 
1104.0	9.41060344664e+49	13.7671086089 
1105.0	9.38793343733e+49	13.7429220107 
1106.0	9.31971902799e+49	13.7454828261 
1107.0	9.27873128442e+49	13.7166000741 
1108.0	9.20316542506e+49	13.7264731267 
1109.0	9.19686241329e+49	13.6662121825 
1110.0	9.16901070289e+49	13.6333636796 
1111.0	9.12022525087e+49	13.6187833286 
1112.0	9.06376710924e+49	13.6360846891 
1113.0	9.0175556544e+49	13.6000070055 
1114.0	8.96574969074e+49	13.6060555284 
1115.0	8.94476455733e+49	13.5786052012 
1116.0	8.90220444394e+49	13.5588491779 
1117.0	8.88178397116e+49	13.5789879697 
1118.0	8.8135800904e+49	13.5696551738 
1119.0	8.76538296833e+49	13.5729997541 
1120.0	8.77631574329e+49	13.5616953216 
1121.0	8.69790937208e+49	13.5636801045 
1122.0	8.6342358977e+49	13.5655036416 
1123.0	8.59207184637e+49	13.5789285308 
1124.0	8.5194955539e+49	13.5711421935 
1125.0	8.45410686297e+49	13.5863983758 
1126.0	8.4395842974e+49	13.5825955776 
1127.0	8.38508796793e+49	13.5842887705 
1128.0	8.33354541291e+49	13.5889039836 
1129.0	8.29388006013e+49	13.5996433856 
1130.0	8.29225329529e+49	13.5573859243 
1131.0	8.26689899307e+49	13.5618098456 
1132.0	8.23165902733e+49	13.5739203526 
1133.0	8.18598932826e+49	13.582831634 
1134.0	8.13983297548e+49	13.5904739858 
1135.0	8.0860625304e+49	13.6125056649 
1136.0	8.02736855048e+49	13.6381923576 
1137.0	7.94805096668e+49	13.6506360487 
1138.0	7.94406823712e+49	13.6178604258 
1139.0	7.88246749896e+49	13.6395432877 
1140.0	7.80631327749e+49	13.6710221591 
1141.0	7.76404845333e+49	13.6631997444 
1142.0	7.75685479195e+49	13.6430996449 
1143.0	7.68188365583e+49	13.6770128472 
1144.0	7.63155473751e+49	13.6721982431 
1145.0	7.59452565726e+49	13.7039102185 
1146.0	7.6124615595e+49	13.6583694595 
1147.0	7.56324088799e+49	13.6684406084 
1148.0	7.5126030061e+49	13.7104890931 
1149.0	7.46307272624e+49	13.7110648778 
1150.0	7.48653895191e+49	13.6679512156 
1151.0	7.42988802419e+49	13.7022220931 
1152.0	7.40390772411e+49	13.6940271536 
1153.0	7.35649111502e+49	13.698061693 
1154.0	7.31918465792e+49	13.7239402633 
1155.0	7.28192739896e+49	13.7324250015 
1156.0	7.22775218441e+49	13.7393762598 
1157.0	7.1841523578e+49	13.741392179 
1158.0	7.18639222827e+49	13.7031686981 
1159.0	7.14882703638e+49	13.7156473018 
1160.0	7.10992637864e+49	13.6923021132 
1161.0	7.06043869265e+49	13.702500607 
1162.0	7.03883191246e+49	13.7035682431 
1163.0	7.03449718231e+49	13.6602300709 
1164.0	7.01457992039e+49	13.6435868012 
1165.0	6.99634457444e+49	13.6282329377 
1166.0	6.95910393012e+49	13.6129619101 
1167.0	6.91967368315e+49	13.6322846812 
1168.0	6.89817906551e+49	13.5993908921 
1169.0	6.87739432869e+49	13.6006582498 
1170.0	6.89523324288e+49	13.5621986257 
1171.0	6.90666120411e+49	13.5430504339 
1172.0	6.88015419313e+49	13.5385931608 
1173.0	6.86206164534e+49	13.5292573089 
1174.0	6.83710853042e+49	13.5111526911 
1175.0	6.8113593694e+49	13.5093763851 
1176.0	6.79349741719e+49	13.5022492903 
1177.0	6.8182580855e+49	13.451935024 
1178.0	6.81087708833e+49	13.4380724632 
1179.0	6.78364405968e+49	13.4171859173 
1180.0	6.76356249662e+49	13.3989182533 
1181.0	6.75976311429e+49	13.373648482 
1182.0	6.74952888018e+49	13.3536271252 
1183.0	6.71096565776e+49	13.3449097034 
1184.0	6.68991305958e+49	13.3247765511 
1185.0	6.71632050798e+49	13.2618325187 
1186.0	6.71028644973e+49	13.2363024119 
1187.0	6.68426979739e+49	13.2147351579 
1188.0	6.66013175376e+49	13.2058498039 
1189.0	6.63951375555e+49	13.2017484843 
1190.0	6.62757222851e+49	13.1782148837 
1191.0	6.60555014134e+49	13.1453112045 
1192.0	6.57958407219e+49	13.1310239271 
1193.0	6.57381495093e+49	13.108436627 
1194.0	6.54391491746e+49	13.0848348455 
1195.0	6.53767745483e+49	13.0481651948 
1196.0	6.5110610666e+49	13.0424253138 
1197.0	6.49396547682e+49	13.0373463358 
1198.0	6.47299064806e+49	12.9993232794 
1199.0	6.45139538454e+49	12.9835250783 
1200.0	6.4585250242e+49	12.9587718256 
1201.0	6.43834211668e+49	12.9185379158 
1202.0	6.43178746015e+49	12.9073129131 
1203.0	6.4373068484e+49	12.8757736318 
1204.0	6.41342228832e+49	12.8747216743 
1205.0	6.44796183148e+49	12.8013245422 
1206.0	6.42903406556e+49	12.7745182726 
1207.0	6.43514209003e+49	12.804860118 
1208.0	6.42731161568e+49	12.7533749394 
1209.0	6.4376131613e+49	12.7199955579 
1210.0	6.4293699169e+49	12.7193619424 
1211.0	6.40910803673e+49	12.6783078681 
1212.0	6.39932468792e+49	12.6752890862 
1213.0	6.4141761751e+49	12.6817906541 
1214.0	6.41074539825e+49	12.6257446698 
1215.0	6.4068315149e+49	12.6401690531 
1216.0	6.397031359e+49	12.606145842 
1217.0	6.39090454559e+49	12.5866271909 
1218.0	6.42048033027e+49	12.5604667823 
1219.0	6.42232949172e+49	12.5058175964 
1220.0	6.42431588826e+49	12.4920598095 
1221.0	6.4102282002e+49	12.4902324347 
1222.0	6.41650016355e+49	12.4641173611 
1223.0	6.42292120028e+49	12.4552162817 
1224.0	6.40204458408e+49	12.4332371248 
1225.0	6.41380457718e+49	12.4209810008 
1226.0	6.40529926824e+49	12.3891737602 
1227.0	6.39255388228e+49	12.3713465916 
1228.0	6.39928701851e+49	12.3928870474 
1229.0	6.37286645121e+49	12.3540456316 
1230.0	6.37486424977e+49	12.3317275686 
1231.0	6.35990489023e+49	12.3422726837 
1232.0	6.37422751418e+49	12.2918831634 
1233.0	6.37087515626e+49	12.2941157833 
1234.0	6.33923502015e+49	12.2738119606 
1235.0	6.3443981514e+49	12.2511977509 
1236.0	6.30912611769e+49	12.242341029 
1237.0	6.30918412996e+49	12.248144306 
1238.0	6.27459732081e+49	12.2421302023 
1239.0	6.26352074652e+49	12.230104941 
1240.0	6.23678360107e+49	12.2192371976 
1241.0	6.25201222132e+49	12.1765112464 
1242.0	6.21899724318e+49	12.1538401682 
1243.0	6.21246783177e+49	12.1505378178 
1244.0	6.19878295875e+49	12.1564004691 
1245.0	6.17164213929e+49	12.1505951364 
1246.0	6.15741103122e+49	12.1502644516 
1247.0	6.13515719605e+49	12.150204759 
1248.0	6.11078072301e+49	12.1687470304 
1249.0	6.07907699023e+49	12.1468436213 
1250.0	6.06612669706e+49	12.1699358166 
1251.0	6.04649343566e+49	12.1644876505 
1252.0	6.02982378452e+49	12.1661999665 
1253.0	6.0002046819e+49	12.1895509422 
1254.0	5.98111963921e+49	12.1690853128 
1255.0	5.95922061637e+49	12.1806545854 
1256.0	5.9400592032e+49	12.1835876508 
1257.0	5.91217815229e+49	12.1728155181 
1258.0	5.90766377839e+49	12.178913187 
1259.0	5.90872928005e+49	12.1340236069 
1260.0	5.90419521696e+49	12.1286280278 
1261.0	5.89027987505e+49	12.1444426527 
1262.0	5.85399807753e+49	12.1295359992 
1263.0	5.83949813966e+49	12.1358219982 
1264.0	5.81785628776e+49	12.1343469963 
1265.0	5.81267891282e+49	12.1299432655 
1266.0	5.82846585232e+49	12.0981129223 
1267.0	5.79152611508e+49	12.1051193764 
1268.0	5.77642716367e+49	12.0918946266 
1269.0	5.76338320986e+49	12.1032690615 
1270.0	5.72614584066e+49	12.0903311918 
1271.0	5.70492071517e+49	12.1005810244 
1272.0	5.71390191144e+49	12.0666831453 
1273.0	5.67619511712e+49	12.0674748084 
1274.0	5.65874742866e+49	12.0667135673 
1275.0	5.64147994496e+49	12.0596836282 
1276.0	5.61528581528e+49	12.0552827869 
1277.0	5.60637099539e+49	12.0536007936 
1278.0	5.61227415483e+49	12.0049935778 
1279.0	5.59866438469e+49	12.0193481165 
1280.0	5.58332675533e+49	12.0123340125 
1281.0	5.55601264346e+49	12.0207791341 
1282.0	5.54035144887e+49	12.0363321018 
1283.0	5.51434917573e+49	12.0415335771 
1284.0	5.5308908997e+49	12.0070426651 
1285.0	5.50896004881e+49	12.0077991519 
1286.0	5.49299448627e+49	12.0263938572 
1287.0	5.47100272438e+49	12.0221187289 
1288.0	5.45076682369e+49	12.0307321154 
1289.0	5.42887249341e+49	12.0356109068 
1290.0	5.4195028541e+49	12.0289772447 
1291.0	5.39914182058e+49	12.0301308169 
1292.0	5.39747605028e+49	12.0128034471 
1293.0	5.38875433374e+49	12.0141849718 
1294.0	5.34131195673e+49	12.007932151 
1295.0	5.3335280165e+49	12.0115928273 
1296.0	5.32179310161e+49	11.9692837739 
1297.0	5.29364558383e+49	11.9875890685 
1298.0	5.2756984762e+49	11.9823077781 
1299.0	5.23074899855e+49	11.9826255305 
1300.0	5.2075685535e+49	12.0018044181 
1301.0	5.17135340303e+49	12.0148353016 
1302.0	5.17025441998e+49	11.9781608626 
1303.0	5.12636464613e+49	11.9724187593 
1304.0	5.09668114979e+49	11.9881009366 
1305.0	5.06962725224e+49	11.9860371793 
1306.0	5.04681447023e+49	11.9923925496 
1307.0	5.00944132836e+49	11.9988094859 
1308.0	5.03081374127e+49	11.9592302756 
1309.0	5.01897383221e+49	11.9761524114 
1310.0	5.00949930509e+49	11.972712478 
1311.0	4.98463086445e+49	11.984647795 
1312.0	4.95621056876e+49	11.9788055788 
1313.0	4.92787559145e+49	12.0011681917 
1314.0	4.93162083271e+49	11.9701877409 
1315.0	4.90353967029e+49	11.9542291128 
1316.0	4.87664649272e+49	11.9615541326 
1317.0	4.86023315006e+49	11.9851107956 
1318.0	4.81978891577e+49	11.9704325362 
1319.0	4.79227129143e+49	11.9541285786 
1320.0	4.78705368661e+49	11.9691294667 
1321.0	4.7549534624e+49	11.957131522 
1322.0	4.74966212434e+49	11.9467998238 
1323.0	4.74625042042e+49	11.9429372477 
1324.0	4.71159293635e+49	11.9548307933 
1325.0	4.74389318685e+49	11.8727867552 
1326.0	4.70634071222e+49	11.8727256212 
1327.0	4.68611620992e+49	11.8738201026 
1328.0	4.65722544837e+49	11.8658697221 
1329.0	4.61314057669e+49	11.8718964616 
1330.0	4.60012881487e+49	11.8712452008 
1331.0	4.59604026161e+49	11.8170116932 
1332.0	4.57551374016e+49	11.843803913 
1333.0	4.53802409913e+49	11.8207335857 
1334.0	4.50845132429e+49	11.8232789077 
1335.0	4.51419895267e+49	11.8348476846 
1336.0	4.47061572374e+49	11.8145073004 
1337.0	4.47950806404e+49	11.7685789752 
1338.0	4.46965105264e+49	11.7640743403 
1339.0	4.45329422458e+49	11.7837284836 
1340.0	4.43257230247e+49	11.7913387918 
1341.0	4.39050775011e+49	11.783567804 
1342.0	4.43068578279e+49	11.7543363033 
1343.0	4.42970302346e+49	11.735815296 
1344.0	4.4000290503e+49	11.7410073808 
1345.0	4.39622798762e+49	11.7370838708 
1346.0	4.36305666678e+49	11.720259362 
1347.0	4.33218932819e+49	11.7440780007 
1348.0	4.35707938719e+49	11.6829112962 
1349.0	4.3262272198e+49	11.6884046939 
1350.0	4.31011324914e+49	11.6895506202 
1351.0	4.28337564887e+49	11.6761528597 
1352.0	4.25408155047e+49	11.6930767951 
1353.0	4.26243140643e+49	11.679639706 
1354.0	4.23232255295e+49	11.6984228211 
1355.0	4.20213393994e+49	11.6919481472 
1356.0	4.19176513738e+49	11.6783411695 
1357.0	4.16604285937e+49	11.6857141802 
1358.0	4.13324624858e+49	11.6785262734 
1359.0	4.10778445704e+49	11.666884192 
1360.0	4.12000799158e+49	11.6152354268 
1361.0	4.11836158718e+49	11.6345256199 
1362.0	4.07817878993e+49	11.6439230943 
1363.0	4.03806308717e+49	11.6463837968 
1364.0	4.05932176464e+49	11.6430032496 
1365.0	4.04792025396e+49	11.5860993936 
1366.0	4.02993372265e+49	11.6169501671 
1367.0	4.02158012717e+49	11.5985524331 
1368.0	4.00770374311e+49	11.6574383081 
1369.0	3.97093699474e+49	11.6479553281 
1370.0	3.93029313414e+49	11.6295241948 
1371.0	3.93345172879e+49	11.6014418782 
1372.0	3.92675391971e+49	11.5994974289 
1373.0	3.90157536024e+49	11.598994872 
1374.0	3.86099612009e+49	11.6124184971 
1375.0	3.84819185166e+49	11.6332361459 
1376.0	3.83580805272e+49	11.6055452823 
1377.0	3.82231241624e+49	11.5813894373 
1378.0	3.80582973833e+49	11.5697123274 
1379.0	3.80856716069e+49	11.548647054 
1380.0	3.77938407242e+49	11.5683611007 
1381.0	3.77426711187e+49	11.5431399913 
1382.0	3.72865920033e+49	11.5045337327 
1383.0	3.72489222005e+49	11.5196714793 
1384.0	3.71118130293e+49	11.5415157799 
1385.0	3.67079668595e+49	11.5435511557 
1386.0	3.64838515468e+49	11.5469140313 
1387.0	3.64559642488e+49	11.527057874 
1388.0	3.60605917304e+49	11.5504243973 
1389.0	3.5947438115e+49	11.5025541296 
1390.0	3.59617673313e+49	11.4882194984 
1391.0	3.57457069554e+49	11.5067249641 
1392.0	3.56678713467e+49	11.5373194354 
1393.0	3.535868188e+49	11.5357783699 
1394.0	3.49746618733e+49	11.5701037694 
1395.0	3.51019231693e+49	11.482939554 
1396.0	3.52165830634e+49	11.4948065061 
1397.0	3.50297714585e+49	11.4770316785 
1398.0	3.48930293779e+49	11.5023764296 
1399.0	3.48187107485e+49	11.5151398008 
1400.0	3.44688241698e+49	11.5412651852 
1401.0	3.44812941215e+49	11.526353198 
1402.0	3.42538556987e+49	11.5363638377 
1403.0	3.42478963347e+49	11.5244111386 
1404.0	3.4047707637e+49	11.5298159981 
1405.0	3.38227838288e+49	11.5432329052 
1406.0	3.36784997537e+49	11.5442584932 
1407.0	3.38681897259e+49	11.472834832 
1408.0	3.35228867628e+49	11.4590745088 
1409.0	3.34182053819e+49	11.4904802216 
1410.0	3.31837397514e+49	11.4594312965 
1411.0	3.29816849672e+49	11.5037288744 
1412.0	3.25392611647e+49	11.4995192467 
1413.0	3.29047954918e+49	11.4386963653 
1414.0	3.2725812553e+49	11.4170947881 
1415.0	3.24535958749e+49	11.438320849 
1416.0	3.21462098955e+49	11.4623229231 
1417.0	3.21146599243e+49	11.4615280544 
1418.0	3.18743393987e+49	11.4577323734 
1419.0	3.18592705123e+49	11.5021627337 
1420.0	3.1839175785e+49	11.4836850717 
1421.0	3.14222264861e+49	11.5419774878 
1422.0	3.124049268e+49	11.484368264 
1423.0	3.13256495299e+49	11.5272788027 
1424.0	3.10900812541e+49	11.5259741714 
1425.0	3.09739330263e+49	11.506449127 
1426.0	3.12977398632e+49	11.4669284893 
1427.0	3.1075504542e+49	11.4623354345 
1428.0	3.08805123522e+49	11.4576014697 
1429.0	3.07809094088e+49	11.5096992897 
1430.0	3.02667654902e+49	11.4818864641 
1431.0	3.049208578e+49	11.4769701666 
1432.0	3.04489835212e+49	11.4333684461 
1433.0	3.03045550891e+49	11.4399871775 
1434.0	3.00795003315e+49	11.4296935127 
1435.0	2.97986818967e+49	11.4298302485 
1436.0	2.96876695646e+49	11.4434045176 
1437.0	2.95394638802e+49	11.4346187726 
1438.0	2.91822052434e+49	11.45506786 
1439.0	2.91049926307e+49	11.3879186602 
1440.0	2.89499432308e+49	11.3726490388 
1441.0	2.88831219765e+49	11.3730969083 
1442.0	2.8703122649e+49	11.3373103866 
1443.0	2.87255187929e+49	11.3694282043 
1444.0	2.85523732876e+49	11.3307780252 
1445.0	2.85897949237e+49	11.3398581446 
1446.0	2.85839285744e+49	11.3357493373 
1447.0	2.81233119958e+49	11.3579170868 
1448.0	2.82408174287e+49	11.3524928375 
1449.0	2.83000428637e+49	11.3600843675 
1450.0	2.81453989739e+49	11.3598094248 
1451.0	2.81222023043e+49	11.3561917427 
1452.0	2.78016948302e+49	11.3436243585 
1453.0	2.75591219007e+49	11.4013609892 
1454.0	2.74291854905e+49	11.3681252081 
1455.0	2.73471621978e+49	11.3889935679 
1456.0	2.7441630769e+49	11.3969476118 
1457.0	2.73608337023e+49	11.4083803295 
1458.0	2.75288065697e+49	11.4076378353 
1459.0	2.74183329522e+49	11.3985666512 
1460.0	2.76316051859e+49	11.3452957134 
1461.0	2.75086714792e+49	11.3484269433 
1462.0	2.71635417046e+49	11.3451393248 
1463.0	2.70561316294e+49	11.3232331641 
1464.0	2.68437854582e+49	11.3285683637 
1465.0	2.67695326312e+49	11.3349563447 
1466.0	2.68725079765e+49	11.3145761661 
1467.0	2.65986300365e+49	11.3181693558 
1468.0	2.62102368764e+49	11.332204256 
1469.0	2.62539366187e+49	11.2564788928 
1470.0	2.60726444758e+49	11.2481466594 
1471.0	2.59557018422e+49	11.2254088916 
1472.0	2.62121461138e+49	11.2368654851 
1473.0	2.62861252546e+49	11.2110307308 
1474.0	2.60871801522e+49	11.2338991737 
1475.0	2.58464977098e+49	11.2054543323 
1476.0	2.5617495537e+49	11.1857348051 
1477.0	2.58970679919e+49	11.1116103921 
1478.0	2.58530873353e+49	11.1146465364 
1479.0	2.5723824345e+49	11.094082015 
1480.0	2.58432528338e+49	11.1088399308 
1481.0	2.58695370302e+49	11.0843194638 
1482.0	2.57681255521e+49	11.0848610716 
1483.0	2.53508409977e+49	11.1082252187 
1484.0	2.54526037334e+49	11.1464963122 
1485.0	2.55599121681e+49	11.0768166297 
1486.0	2.54855935887e+49	11.0689252572 
1487.0	2.53839294731e+49	11.0527906716 
1488.0	2.51862491345e+49	11.0672568061 
1489.0	2.50847888497e+49	11.0787460496 
1490.0	2.50723877426e+49	11.0509307032 
1491.0	2.48146989373e+49	11.0820944461 
1492.0	2.47949638406e+49	11.0628756658 
1493.0	2.52390245454e+49	11.0044869188 
1494.0	2.50609835558e+49	10.9672723733 
1495.0	2.47791040382e+49	10.9611446832 
1496.0	2.48386869874e+49	10.9239078993 
1497.0	2.4659582789e+49	10.918435924 
1498.0	2.43115858808e+49	10.9173577564 
1499.0	2.42624400559e+49	10.8835626585 
1500.0	2.42389591659e+49	10.8459512549 
1501.0	2.40478741737e+49	10.815354848 
1502.0	2.42042641771e+49	10.8082370191 
1503.0	2.39192671183e+49	10.8229160553 
1504.0	2.38158097493e+49	10.8130644734 
1505.0	2.3888836814e+49	10.7806071251 
1506.0	2.37081181311e+49	10.785829068 
1507.0	2.37635429776e+49	10.740569292 
1508.0	2.34047717865e+49	10.7444758651 
1509.0	2.3490210123e+49	10.671844071 
1510.0	2.35069645818e+49	10.6948685852 
1511.0	2.3492656321e+49	10.6916308358 
1512.0	2.33390167096e+49	10.6650582691 
1513.0	2.32429824439e+49	10.6521498033 
1514.0	2.29814407027e+49	10.6206123161 
1515.0	2.28381823199e+49	10.6566109337 
1516.0	2.2919912027e+49	10.6776914277 
1517.0	2.2898647437e+49	10.646373598 
1518.0	2.3125656458e+49	10.5757845472 
1519.0	2.29767862583e+49	10.5620102124 
1520.0	2.29412531054e+49	10.5963705484 
1521.0	2.28083045427e+49	10.5669940318 
1522.0	2.26902202194e+49	10.5690470969 
1523.0	2.28443722315e+49	10.5953669068 
1524.0	2.29944829523e+49	10.5930245485 
1525.0	2.28668205823e+49	10.5890892796 
1526.0	2.26618322477e+49	10.6148690081 
1527.0	2.27257294687e+49	10.5344984077 
1528.0	2.26430299002e+49	10.5315091268 
1529.0	2.24979090283e+49	10.5095405658 
1530.0	2.24347725008e+49	10.503470441 
1531.0	2.24357374924e+49	10.492136167 
1532.0	2.23091007847e+49	10.460073326 
1533.0	2.23885940528e+49	10.4605764362 
1534.0	2.22134299316e+49	10.4583379633 
1535.0	2.19883061014e+49	10.4547040331 
1536.0	2.21179565303e+49	10.4000331341 
1537.0	2.20589411921e+49	10.4050163638 
1538.0	2.19512505514e+49	10.3874746666 
1539.0	2.16770631345e+49	10.4161221423 
1540.0	2.16939800905e+49	10.3709377474 
1541.0	2.14121264837e+49	10.3930476605 
1542.0	2.12623368875e+49	10.3907337635 
1543.0	2.12426963558e+49	10.3955739224 
1544.0	2.12772721307e+49	10.3970156685 
1545.0	2.12302251666e+49	10.3420988106 
1546.0	2.10175448414e+49	10.3714298123 
1547.0	2.08977506739e+49	10.3794997682 
1548.0	2.08047692541e+49	10.3854731847 
1549.0	2.08025673058e+49	10.3601971968 
1550.0	2.07795282109e+49	10.3890544481 
1551.0	2.0646849125e+49	10.3919524328 
1552.0	2.09148308712e+49	10.3461516984 
1553.0	2.08112094198e+49	10.3682500373 
1554.0	2.03872314744e+49	10.3805639693 
1555.0	2.04565708452e+49	10.3797068648 
1556.0	2.07264234347e+49	10.3580660404 
1557.0	2.05903395623e+49	10.3231156923 
1558.0	2.05389064043e+49	10.308515727 
1559.0	2.03602464526e+49	10.294171743 
1560.0	2.05010561885e+49	10.301564006 
1561.0	2.02347178225e+49	10.2764950863 
1562.0	2.01344345772e+49	10.2663631845 
1563.0	2.01571134314e+49	10.2386699567 
1564.0	2.01779783341e+49	10.2213753514 
1565.0	2.00567630106e+49	10.2515856777 
1566.0	1.99258217606e+49	10.2042208431 
1567.0	1.97804881866e+49	10.2105557078 
1568.0	1.96451247958e+49	10.1924205736 
1569.0	1.93554541807e+49	10.1939366452 
1570.0	1.9280950293e+49	10.1661414416 
1571.0	1.92750034953e+49	10.1459999013 
1572.0	1.91599996034e+49	10.1492648436 
1573.0	1.8834175211e+49	10.1752939439 
1574.0	1.88099143188e+49	10.1154108973 
1575.0	1.88179939529e+49	10.1074825714 
1576.0	1.8960412472e+49	10.0953707468 
1577.0	1.88327780316e+49	10.0962409015 
1578.0	1.8795225568e+49	10.0660505832 
1579.0	1.8491956074e+49	10.0901476552 
1580.0	1.84803266852e+49	10.0771808264 
1581.0	1.83558645738e+49	10.0806000185 
1582.0	1.81738323648e+49	10.0682939175 
1583.0	1.8401383091e+49	10.0046786728 
1584.0	1.83583817168e+49	9.96600704506 
1585.0	1.82562362304e+49	9.98863095875 
1586.0	1.83095757004e+49	10.0074814136 
1587.0	1.82245807784e+49	9.98506745232 
1588.0	1.81543358328e+49	10.0078114697 
1589.0	1.80922499599e+49	10.0275559793 
1590.0	1.80148015809e+49	10.0155445101 
1591.0	1.81892786347e+49	9.95143960592 
1592.0	1.80178646186e+49	9.96273377022 
1593.0	1.78839119234e+49	9.99042538558 
1594.0	1.79794035121e+49	9.97028259906 
1595.0	1.79453251156e+49	9.96865153613 
1596.0	1.77370315977e+49	10.0067485304 
1597.0	1.7816903316e+49	9.98206691733 
1598.0	1.75803402463e+49	9.96365735366 
1599.0	1.74735268171e+49	10.0140543377 
1600.0	1.75879391028e+49	10.0000131822 
1601.0	1.74729741246e+49	10.0186242807 
1602.0	1.73810895163e+49	10.0172256104 
1603.0	1.71642302347e+49	10.0324135588 
1604.0	1.71733022913e+49	10.0236456737 
1605.0	1.70447106737e+49	10.0331812225 
1606.0	1.69308887534e+49	10.0372133842 
1607.0	1.68505791885e+49	10.0546753366 
1608.0	1.6657997755e+49	10.0459846861 
1609.0	1.67000771762e+49	10.0466411758 
1610.0	1.68395411333e+49	10.0550454733 
1611.0	1.68238875605e+49	9.99033612554 
1612.0	1.65357389661e+49	10.0295326462 
1613.0	1.66495611465e+49	10.0528539809 
1614.0	1.66793990538e+49	10.0105825127 
1615.0	1.64074592249e+49	10.0305562248 
1616.0	1.64019697302e+49	10.0527680896 
1617.0	1.64482600461e+49	10.0441357246 
1618.0	1.65184635886e+49	10.0117381304 
1619.0	1.64817460465e+49	10.0013580514 
1620.0	1.64650419413e+49	10.0169065144 
1621.0	1.630505501e+49	10.017443292 
1622.0	1.63093137461e+49	10.0212292311 
1623.0	1.64105741591e+49	10.0301444277 
1624.0	1.63146323572e+49	10.0261452853 
1625.0	1.62682459654e+49	10.0155845188 
1626.0	1.63672607682e+49	10.0050281659 
1627.0	1.61189724397e+49	10.101136951 
1628.0	1.58247509937e+49	10.0093496075 
1629.0	1.60650438814e+49	9.99820019662 
1630.0	1.6039499229e+49	9.98989375597 
1631.0	1.58379016429e+49	9.97312712331 
1632.0	1.57201339663e+49	10.0127216272 
1633.0	1.58363128143e+49	10.0240316511 
1634.0	1.57348829313e+49	10.0305201628 
1635.0	1.55652412827e+49	10.0471149892 
1636.0	1.54614459652e+49	10.0784681233 
1637.0	1.54907733267e+49	9.99971804179 
1638.0	1.53863696055e+49	10.0198111607 
1639.0	1.5648188834e+49	9.96319983529 
1640.0	1.54964186865e+49	10.0845677799 
1641.0	1.53735019532e+49	10.0378834402 
1642.0	1.52412738866e+49	10.0512897613 
1643.0	1.49613272404e+49	10.0667106119 
1644.0	1.50114614506e+49	10.0694258142 
1645.0	1.48534560275e+49	10.092507632 
1646.0	1.49385375352e+49	10.0473824927 
1647.0	1.48570035728e+49	10.0560021904 
1648.0	1.48138855318e+49	10.0686658823 
1649.0	1.47924344979e+49	10.082605374 
1650.0	1.47360315072e+49	10.0439127526 
1651.0	1.46080476186e+49	10.0709460572 
1652.0	1.47197451641e+49	10.0574654011 
1653.0	1.47671345865e+49	10.0479118716 
1654.0	1.46722340385e+49	10.0615493673 
1655.0	1.48099431088e+49	9.9974238032 
1656.0	1.46382402402e+49	10.1510229791 
1657.0	1.43462347959e+49	10.1245132982 
1658.0	1.46379024221e+49	10.0209764951 
1659.0	1.44977550868e+49	10.0388186558 
1660.0	1.44430041605e+49	10.0385641202 
1661.0	1.43229990887e+49	10.0410634148 
1662.0	1.41405974015e+49	10.0628180947 
1663.0	1.43107442548e+49	10.0668956371 
1664.0	1.42948940508e+49	10.0170431622 
1665.0	1.41665703377e+49	10.0353978407 
1666.0	1.43122698113e+49	9.98358980405 
1667.0	1.41729704226e+49	10.0481085971 
1668.0	1.4184611019e+49	10.1031455142 
1669.0	1.41569699574e+49	10.0000398001 
1670.0	1.40249987288e+49	10.0829683489 
1671.0	1.39465479394e+49	10.0828407069 
1672.0	1.38735064952e+49	10.0922967329 
1673.0	1.38092828095e+49	10.1071574035 
1674.0	1.3876698715e+49	10.0203860468 
1675.0	1.38780847652e+49	10.0589848043 
1676.0	1.38493711565e+49	10.0124283008 
1677.0	1.37517688774e+49	10.0217707796 
1678.0	1.32798292124e+49	10.0231611085 
1679.0	1.35933817708e+49	10.0203831666 
1680.0	1.32730673744e+49	9.99912522272 
1681.0	1.36465018265e+49	10.0016329801 
1682.0	1.37608456867e+49	9.94232678135 
1683.0	1.38061166801e+49	9.97492464455 
1684.0	1.37114048324e+49	9.98638312365 
1685.0	1.35544167986e+49	9.97901469588 
1686.0	1.34892532125e+49	9.96886511778 
1687.0	1.34361787026e+49	9.98121732007 
1688.0	1.33047192708e+49	9.99762713483 
1689.0	1.323875983e+49	10.0062279298 
1690.0	1.31801371849e+49	9.97193622718 
1691.0	1.29287454897e+49	10.0432917154 
1692.0	1.31470331297e+49	10.0272859427 
1693.0	1.30155516108e+49	10.0758649395 
1694.0	1.30188504898e+49	10.0130111289 
1695.0	1.32023310093e+49	9.97947448301 
1696.0	1.32858017876e+49	9.98832464919 
1697.0	1.32687891187e+49	9.96199537448 
1698.0	1.32006344164e+49	9.97671305188 
1699.0	1.31354230745e+49	9.99136416535 
1700.0	1.30562882262e+49	10.0004948817 
1701.0	1.3119477294e+49	10.0104432783 
1702.0	1.29383303765e+49	10.0424211478 
1703.0	1.29802938878e+49	10.1283592683 
