-100.0	0.0	nan 
-99.0	0.0	nan 
-98.0	0.0	nan 
-97.0	0.0	nan 
-96.0	0.0	nan 
-95.0	0.0	nan 
-94.0	0.0	nan 
-93.0	0.0	nan 
-92.0	0.0	nan 
-91.0	0.0	nan 
-90.0	0.0	nan 
-89.0	0.0	nan 
-88.0	0.0	nan 
-87.0	0.0	nan 
-86.0	0.0	nan 
-85.0	0.0	nan 
-84.0	0.0	nan 
-83.0	0.0	nan 
-82.0	0.0	nan 
-81.0	0.0	nan 
-80.0	0.0	nan 
-79.0	0.0	nan 
-78.0	0.0	nan 
-77.0	0.0	nan 
-76.0	0.0	nan 
-75.0	0.0	nan 
-74.0	0.0	nan 
-73.0	0.0	nan 
-72.0	0.0	nan 
-71.0	0.0	nan 
-70.0	0.0	nan 
-69.0	0.0	nan 
-68.0	0.0	nan 
-67.0	0.0	nan 
-66.0	0.0	nan 
-65.0	0.0	nan 
-64.0	0.0	nan 
-63.0	0.0	nan 
-62.0	0.0	nan 
-61.0	0.0	nan 
-60.0	0.0	nan 
-59.0	0.0	nan 
-58.0	0.0	nan 
-57.0	0.0	nan 
-56.0	0.0	nan 
-55.0	0.0	nan 
-54.0	0.0	nan 
-53.0	0.0	nan 
-52.0	0.0	nan 
-51.0	0.0	nan 
-50.0	0.0	nan 
-49.0	0.0	nan 
-48.0	0.0	nan 
-47.0	0.0	nan 
-46.0	0.0	nan 
-45.0	0.0	nan 
-44.0	0.0	nan 
-43.0	0.0	nan 
-42.0	0.0	nan 
-41.0	0.0	nan 
-40.0	0.0	nan 
-39.0	0.0	nan 
-38.0	0.0	nan 
-37.0	0.0	nan 
-36.0	0.0	nan 
-35.0	0.0	nan 
-34.0	0.0	nan 
-33.0	0.0	nan 
-32.0	0.0	nan 
-31.0	0.0	nan 
-30.0	0.0	nan 
-29.0	0.0	nan 
-28.0	0.0	nan 
-27.0	0.0	nan 
-26.0	0.0	nan 
-25.0	0.0	nan 
-24.0	0.0	nan 
-23.0	0.0	nan 
-22.0	0.0	nan 
-21.0	0.0	nan 
-20.0	0.0	nan 
-19.0	0.0	nan 
-18.0	0.0	nan 
-17.0	0.0	nan 
-16.0	0.0	nan 
-15.0	0.0	nan 
-14.0	0.0	nan 
-13.0	0.0	nan 
-12.0	0.0	nan 
-11.0	0.0	nan 
-10.0	0.0	nan 
-9.0	0.0	nan 
-8.0	0.0	nan 
-7.0	0.0	nan 
-6.0	0.0	nan 
-5.0	0.0	nan 
-4.0	0.0	nan 
-3.0	0.0	nan 
-2.0	0.0	nan 
-1.0	0.0	nan 
0.0	0.0	nan 
1.0	0.0	nan 
2.0	0.0	nan 
3.0	0.0	nan 
4.0	0.0	nan 
5.0	0.0	nan 
6.0	0.0	nan 
7.0	0.0	nan 
8.0	0.0	nan 
9.0	0.0	nan 
10.0	0.0	nan 
11.0	0.0	nan 
12.0	0.0	nan 
13.0	0.0	nan 
14.0	0.0	nan 
15.0	0.0	nan 
16.0	0.0	nan 
17.0	0.0	nan 
18.0	0.0	nan 
19.0	0.0	nan 
20.0	0.0	nan 
21.0	0.0	nan 
22.0	0.0	nan 
23.0	0.0	nan 
24.0	0.0	nan 
25.0	0.0	nan 
26.0	0.0	nan 
27.0	0.0	nan 
28.0	0.0	nan 
29.0	0.0	nan 
30.0	0.0	nan 
31.0	0.0	nan 
32.0	0.0	nan 
33.0	0.0	nan 
34.0	0.0	nan 
35.0	0.0	nan 
36.0	0.0	nan 
37.0	0.0	nan 
38.0	0.0	nan 
39.0	0.0	nan 
40.0	0.0	nan 
41.0	0.0	nan 
42.0	0.0	nan 
43.0	0.0	nan 
44.0	0.0	nan 
45.0	0.0	nan 
46.0	0.0	nan 
47.0	0.0	nan 
48.0	0.0	nan 
49.0	0.0	nan 
50.0	0.0	nan 
51.0	0.0	nan 
52.0	0.0	nan 
53.0	0.0	nan 
54.0	0.0	nan 
55.0	0.0	nan 
56.0	0.0	nan 
57.0	0.0	nan 
58.0	0.0	nan 
59.0	0.0	nan 
60.0	0.0	nan 
61.0	0.0	nan 
62.0	0.0	nan 
63.0	0.0	nan 
64.0	0.0	nan 
65.0	0.0	nan 
66.0	0.0	nan 
67.0	0.0	nan 
68.0	0.0	nan 
69.0	0.0	nan 
70.0	0.0	nan 
71.0	0.0	nan 
72.0	0.0	nan 
73.0	0.0	nan 
74.0	0.0	nan 
75.0	0.0	nan 
76.0	0.0	nan 
77.0	0.0	nan 
78.0	0.0	nan 
79.0	0.0	nan 
80.0	0.0	nan 
81.0	0.0	nan 
82.0	0.0	nan 
83.0	0.0	nan 
84.0	0.0	nan 
85.0	0.0	nan 
86.0	0.0	nan 
87.0	0.0	nan 
88.0	0.0	nan 
89.0	0.0	nan 
90.0	0.0	nan 
91.0	0.0	nan 
92.0	0.0	nan 
93.0	0.0	nan 
94.0	0.0	nan 
95.0	0.0	nan 
96.0	0.0	nan 
97.0	0.0	nan 
98.0	0.0	nan 
99.0	0.0	nan 
100.0	0.0	nan 
101.0	0.0	nan 
102.0	0.0	nan 
103.0	0.0	nan 
104.0	0.0	nan 
105.0	0.0	nan 
106.0	0.0	nan 
107.0	0.0	nan 
108.0	0.0	nan 
109.0	0.0	nan 
110.0	0.0	nan 
111.0	0.0	nan 
112.0	0.0	nan 
113.0	0.0	nan 
114.0	0.0	nan 
115.0	0.0	nan 
116.0	0.0	nan 
117.0	0.0	nan 
118.0	0.0	nan 
119.0	0.0	nan 
120.0	0.0	nan 
121.0	0.0	nan 
122.0	0.0	nan 
123.0	0.0	nan 
124.0	0.0	nan 
125.0	0.0	nan 
126.0	0.0	nan 
127.0	0.0	nan 
128.0	0.0	nan 
129.0	0.0	nan 
130.0	0.0	nan 
131.0	0.0	nan 
132.0	0.0	nan 
133.0	0.0	nan 
134.0	0.0	nan 
135.0	0.0	nan 
136.0	0.0	nan 
137.0	0.0	nan 
138.0	0.0	nan 
139.0	0.0	nan 
140.0	0.0	nan 
141.0	0.0	nan 
142.0	0.0	nan 
143.0	0.0	nan 
144.0	0.0	nan 
145.0	0.0	nan 
146.0	0.0	nan 
147.0	0.0	nan 
148.0	0.0	nan 
149.0	0.0	nan 
150.0	0.0	nan 
151.0	0.0	nan 
152.0	0.0	nan 
153.0	0.0	nan 
154.0	0.0	nan 
155.0	0.0	nan 
156.0	0.0	nan 
157.0	0.0	nan 
158.0	0.0	nan 
159.0	0.0	nan 
160.0	0.0	nan 
161.0	0.0	nan 
162.0	0.0	nan 
163.0	0.0	nan 
164.0	0.0	nan 
165.0	0.0	nan 
166.0	0.0	nan 
167.0	0.0	nan 
168.0	0.0	nan 
169.0	0.0	nan 
170.0	0.0	nan 
171.0	0.0	nan 
172.0	0.0	nan 
173.0	0.0	nan 
174.0	0.0	nan 
175.0	0.0	nan 
176.0	0.0	nan 
177.0	0.0	nan 
178.0	0.0	nan 
179.0	0.0	nan 
180.0	0.0	nan 
181.0	0.0	nan 
182.0	0.0	nan 
183.0	0.0	nan 
184.0	0.0	nan 
185.0	0.0	nan 
186.0	0.0	nan 
187.0	0.0	nan 
188.0	0.0	nan 
189.0	0.0	nan 
190.0	0.0	nan 
191.0	0.0	nan 
192.0	0.0	nan 
193.0	0.0	nan 
194.0	0.0	nan 
195.0	0.0	nan 
196.0	0.0	nan 
197.0	0.0	nan 
198.0	0.0	nan 
199.0	0.0	nan 
200.0	0.0	nan 
201.0	0.0	nan 
202.0	0.0	nan 
203.0	0.0	nan 
204.0	0.0	nan 
205.0	0.0	nan 
206.0	0.0	nan 
207.0	0.0	nan 
208.0	0.0	nan 
209.0	0.0	nan 
210.0	0.0	nan 
211.0	0.0	nan 
212.0	0.0	nan 
213.0	0.0	nan 
214.0	0.0	nan 
215.0	0.0	nan 
216.0	0.0	nan 
217.0	0.0	nan 
218.0	0.0	nan 
219.0	0.0	nan 
220.0	0.0	nan 
221.0	0.0	nan 
222.0	0.0	nan 
223.0	0.0	nan 
224.0	0.0	nan 
225.0	0.0	nan 
226.0	0.0	nan 
227.0	0.0	nan 
228.0	0.0	nan 
229.0	0.0	nan 
230.0	0.0	nan 
231.0	0.0	nan 
232.0	0.0	nan 
233.0	0.0	nan 
234.0	0.0	nan 
235.0	0.0	nan 
236.0	0.0	nan 
237.0	0.0	nan 
238.0	0.0	nan 
239.0	0.0	nan 
240.0	0.0	nan 
241.0	0.0	nan 
242.0	0.0	nan 
243.0	0.0	nan 
244.0	0.0	nan 
245.0	0.0	nan 
246.0	0.0	nan 
247.0	0.0	nan 
248.0	0.0	nan 
249.0	0.0	nan 
250.0	0.0	nan 
251.0	0.0	nan 
252.0	0.0	nan 
253.0	0.0	nan 
254.0	0.0	nan 
255.0	0.0	nan 
256.0	0.0	nan 
257.0	0.0	nan 
258.0	0.0	nan 
259.0	0.0	nan 
260.0	0.0	nan 
261.0	0.0	nan 
262.0	0.0	nan 
263.0	0.0	nan 
264.0	0.0	nan 
265.0	0.0	nan 
266.0	0.0	nan 
267.0	0.0	nan 
268.0	0.0	nan 
269.0	0.0	nan 
270.0	0.0	nan 
271.0	0.0	nan 
272.0	0.0	nan 
273.0	0.0	nan 
274.0	0.0	nan 
275.0	0.0	nan 
276.0	0.0	nan 
277.0	0.0	nan 
278.0	0.0	nan 
279.0	0.0	nan 
280.0	0.0	nan 
281.0	0.0	nan 
282.0	0.0	nan 
283.0	0.0	nan 
284.0	0.0	nan 
285.0	0.0	nan 
286.0	0.0	nan 
287.0	0.0	nan 
288.0	0.0	nan 
289.0	0.0	nan 
290.0	0.0	nan 
291.0	0.0	nan 
292.0	0.0	nan 
293.0	0.0	nan 
294.0	0.0	nan 
295.0	0.0	nan 
296.0	0.0	nan 
297.0	0.0	nan 
298.0	0.0	nan 
299.0	0.0	nan 
300.0	0.0	nan 
301.0	0.0	nan 
302.0	0.0	nan 
303.0	0.0	nan 
304.0	0.0	nan 
305.0	0.0	nan 
306.0	0.0	nan 
307.0	0.0	nan 
308.0	0.0	nan 
309.0	0.0	nan 
310.0	0.0	nan 
311.0	0.0	nan 
312.0	0.0	nan 
313.0	0.0	nan 
314.0	0.0	nan 
315.0	0.0	nan 
316.0	0.0	nan 
317.0	0.0	nan 
318.0	0.0	nan 
319.0	0.0	nan 
320.0	0.0	nan 
321.0	0.0	nan 
322.0	0.0	nan 
323.0	0.0	nan 
324.0	0.0	nan 
325.0	0.0	nan 
326.0	0.0	nan 
327.0	0.0	nan 
328.0	0.0	nan 
329.0	0.0	nan 
330.0	0.0	nan 
331.0	0.0	nan 
332.0	0.0	nan 
333.0	0.0	nan 
334.0	0.0	nan 
335.0	0.0	nan 
336.0	0.0	nan 
337.0	0.0	nan 
338.0	0.0	nan 
339.0	0.0	nan 
340.0	0.0	nan 
341.0	0.0	nan 
342.0	0.0	nan 
343.0	0.0	nan 
344.0	0.0	nan 
345.0	0.0	nan 
346.0	0.0	nan 
347.0	0.0	nan 
348.0	0.0	nan 
349.0	0.0	nan 
350.0	0.0	nan 
351.0	0.0	nan 
352.0	0.0	nan 
353.0	0.0	nan 
354.0	0.0	nan 
355.0	0.0	nan 
356.0	0.0	nan 
357.0	0.0	nan 
358.0	0.0	nan 
359.0	0.0	nan 
360.0	0.0	nan 
361.0	0.0	nan 
362.0	0.0	nan 
363.0	0.0	nan 
364.0	4.84549790087e+49	10.6406320692 
365.0	3.34170722992e+49	12.786031571 
366.0	1.93212458875e+49	12.53448667 
367.0	1.03972427456e+49	14.8104598074 
368.0	1.12297273549e+49	14.221914914 
369.0	9.85378072598e+48	13.8990123853 
370.0	7.97613783179e+48	14.4232551346 
371.0	6.12449420355e+48	14.782279499 
372.0	4.83383419856e+48	14.4085690676 
373.0	3.83237728868e+48	13.7042631525 
374.0	3.4618851689e+48	13.4073616189 
375.0	3.65838415955e+49	14.8793292176 
376.0	4.05031769197e+49	15.8128641233 
377.0	4.47685375051e+49	16.9255004244 
378.0	4.46556270152e+49	17.5870993274 
379.0	4.0798595487e+49	18.0567930515 
380.0	3.61482127464e+49	18.0146101751 
381.0	2.92514301072e+49	18.5050871318 
382.0	2.47033057903e+49	18.4609585798 
383.0	2.26076093564e+49	19.2543006531 
384.0	2.41171175577e+49	19.3217517064 
385.0	2.31509095087e+49	19.3986882581 
386.0	2.36010446054e+49	18.9696019358 
387.0	2.40026125268e+49	18.5156303852 
388.0	2.26432478329e+49	17.8763464674 
389.0	2.15940865672e+49	18.1377327792 
390.0	2.0259192198e+49	18.2286817977 
391.0	1.68955506048e+49	17.9202826443 
392.0	1.50972432413e+49	18.6080035261 
393.0	1.63947031452e+49	18.8993949631 
394.0	2.59157028393e+49	18.8506091123 
395.0	3.86274530473e+49	18.8151483949 
396.0	3.63557429002e+49	20.1346828575 
397.0	4.60308711619e+49	19.5517352415 
398.0	5.9488983411e+49	20.2561008137 
399.0	7.02462551907e+49	20.0718677159 
400.0	7.32295323499e+49	20.2820502588 
401.0	7.33731451137e+49	19.9145253693 
402.0	6.49347472224e+49	19.7611300259 
403.0	5.71896048308e+49	19.5370735052 
404.0	5.5224082124e+49	20.0910042791 
405.0	5.00096267025e+49	21.3699480511 
406.0	5.92426227344e+49	21.373600201 
407.0	6.25932366995e+49	21.2843419068 
408.0	6.78721488901e+49	20.8686507601 
409.0	6.25256504995e+49	20.4848302662 
410.0	5.73961211264e+49	19.7213641774 
411.0	5.11506780138e+49	18.9430969098 
412.0	4.1746843766e+49	18.372563376 
413.0	3.53690842871e+49	17.1717966114 
414.0	3.07419618241e+49	17.1047972168 
415.0	2.73186719237e+49	17.3165829325 
416.0	2.77050797421e+49	16.9761173076 
417.0	4.2004342372e+49	18.1114045236 
418.0	3.77683314431e+49	19.1588003142 
419.0	2.83953884879e+49	17.1786723394 
420.0	2.34272490844e+49	18.0409608983 
421.0	2.51396143041e+49	17.9458448758 
422.0	2.63897941821e+49	17.6939105244 
423.0	2.77268122831e+49	17.5299839976 
424.0	3.01774635726e+49	17.5431041222 
425.0	3.56932938418e+49	18.611365786 
426.0	5.02704848125e+49	20.1081345256 
427.0	5.06321913935e+49	19.770449337 
428.0	4.92243615365e+49	19.4176828099 
429.0	4.672344652e+49	19.5064044381 
430.0	4.05340813005e+49	18.4188303832 
431.0	3.89461344757e+49	17.315362105 
432.0	3.65650780137e+49	16.9291621502 
433.0	3.35220969598e+49	16.6459292943 
434.0	3.16334615447e+49	16.783685729 
435.0	3.83930630662e+49	17.4423531401 
436.0	4.68985885713e+49	18.6649965869 
437.0	6.07090252435e+49	19.4457355387 
438.0	7.46093827201e+49	20.708344021 
439.0	8.64397977197e+49	20.9416008635 
440.0	9.02205430775e+49	20.6670212277 
441.0	1.05406845807e+50	20.5255690884 
442.0	1.13145793481e+50	20.575388208 
443.0	1.16713043239e+50	20.3270692975 
444.0	1.18027497005e+50	19.9656248105 
445.0	1.12634917773e+50	19.7610820023 
446.0	1.07175287156e+50	19.3884150275 
447.0	9.88872640182e+49	19.3695867272 
448.0	8.97103614309e+49	19.1655115688 
449.0	7.98105849691e+49	19.048500766 
450.0	8.02208767714e+49	19.6039462667 
451.0	8.94005412379e+49	20.8954525253 
452.0	9.6744847269e+49	21.0482260152 
453.0	9.40779748804e+49	20.7531974988 
454.0	9.09237198302e+49	20.4034835991 
455.0	9.22831616966e+49	20.3041192325 
456.0	9.61376477055e+49	20.1517968246 
457.0	9.92895367295e+49	20.0113699289 
458.0	1.01733624981e+50	19.9842687983 
459.0	1.05660431845e+50	20.0652042603 
460.0	1.09022484231e+50	20.3082463548 
461.0	1.15479231208e+50	20.4167944695 
462.0	1.19936512596e+50	20.4244687409 
463.0	1.26078485372e+50	20.3582156008 
464.0	1.28037787971e+50	20.2334027239 
465.0	1.27303915243e+50	20.0375147432 
466.0	1.2384788382e+50	19.9076841935 
467.0	1.18453800911e+50	19.7011342624 
468.0	1.11800736503e+50	19.4036625335 
469.0	1.03825052898e+50	19.314017481 
470.0	9.64587957121e+49	19.3512319652 
471.0	8.97733596077e+49	19.48874671 
472.0	8.34954219412e+49	19.7419636318 
473.0	8.27427285589e+49	19.8524972215 
474.0	8.57483850645e+49	19.9600857177 
475.0	9.3997924365e+49	19.9044601602 
476.0	9.94914877583e+49	20.3835615746 
477.0	1.07244318857e+50	20.5204159898 
478.0	1.12901583623e+50	20.7054014796 
479.0	1.18710802704e+50	20.958989858 
480.0	1.25821811908e+50	21.1559376766 
481.0	1.3584662667e+50	21.0634453659 
482.0	1.55912094768e+50	21.0461504781 
483.0	1.76541142123e+50	21.2765973581 
484.0	1.94500115671e+50	21.7867253288 
485.0	2.11964688956e+50	22.5366561891 
486.0	2.32857661711e+50	23.2856761749 
487.0	2.52671510878e+50	24.1633397404 
488.0	2.6873680251e+50	24.8050894299 
489.0	2.59636770691e+50	24.1544016319 
490.0	2.47304016066e+50	23.5006364999 
491.0	2.33031089152e+50	23.349198202 
492.0	2.24594145424e+50	23.464592813 
493.0	2.30854821795e+50	24.0394499494 
494.0	2.50443113596e+50	24.869580543 
495.0	2.81267121004e+50	25.9807769742 
496.0	3.7380832564e+50	28.0586454042 
497.0	4.30342036582e+50	28.9531064006 
498.0	3.98124388455e+50	28.8092811527 
499.0	4.10378395351e+50	29.1895780232 
500.0	4.60616924232e+50	29.9413678715 
501.0	5.29360762251e+50	30.9895444008 
502.0	6.38728415664e+50	31.9375905886 
503.0	7.62326059891e+50	32.8765279924 
504.0	8.11322029666e+50	32.5578088394 
505.0	8.57216929918e+50	32.0715221322 
506.0	9.07107991789e+50	31.8916664698 
507.0	9.33697382202e+50	31.4169257621 
508.0	9.665795258e+50	31.0339663241 
509.0	9.96307264205e+50	30.7525835222 
510.0	1.02122194741e+51	30.5301904715 
511.0	1.0636516924e+51	30.3846394116 
512.0	1.09318967613e+51	30.1158866629 
513.0	1.15363053684e+51	29.9286288633 
514.0	1.17786415653e+51	29.2029525548 
515.0	1.22429393186e+51	28.9290430793 
516.0	1.25466092716e+51	28.4695546678 
517.0	1.26976690113e+51	28.1283780385 
518.0	1.23381157052e+51	27.8218098445 
519.0	1.14595747057e+51	27.6356808955 
520.0	1.13052572813e+51	27.7239759923 
521.0	1.06760172148e+51	27.5037288277 
522.0	9.59841346935e+50	27.243250444 
523.0	9.23286339632e+50	27.2529088077 
524.0	8.84123797787e+50	27.168597862 
525.0	8.31981991419e+50	27.3215664346 
526.0	7.55247747221e+50	27.4009607515 
527.0	7.46950727459e+50	27.2488149459 
528.0	6.71983272447e+50	27.2007532385 
529.0	6.71962360328e+50	27.4905873547 
530.0	6.47332242585e+50	27.404624567 
531.0	6.30458202195e+50	27.2826787391 
532.0	6.22315732694e+50	27.1024098783 
533.0	6.24555814921e+50	27.2984472228 
534.0	6.43320000656e+50	27.2445626214 
535.0	6.50008530268e+50	26.985683171 
536.0	6.82975937222e+50	26.3757025067 
537.0	7.24476227572e+50	26.444952231 
538.0	7.58796421852e+50	27.2568230641 
539.0	8.15114103883e+50	28.2715650005 
540.0	9.4543269657e+50	28.4695800433 
541.0	1.08579077349e+51	28.758363412 
542.0	1.05720498737e+51	29.0392416407 
543.0	9.67506410253e+50	28.8857922168 
544.0	9.82107947694e+50	28.4725050571 
545.0	1.01723629129e+51	28.0697448108 
546.0	9.7423106149e+50	28.2793819708 
547.0	9.5911182742e+50	28.2790881795 
548.0	9.39021797834e+50	27.9905570293 
549.0	8.94171827355e+50	27.9348762294 
550.0	8.84198256595e+50	28.080583485 
551.0	8.19642735682e+50	27.9975879338 
552.0	8.36820643554e+50	27.8026996401 
553.0	8.19882197112e+50	28.4867412418 
554.0	8.43632044213e+50	28.8328067949 
555.0	8.66305826166e+50	28.0399668117 
556.0	7.99783198515e+50	26.8227267214 
557.0	7.95497711391e+50	27.2565106301 
558.0	8.47028381259e+50	28.2677158091 
559.0	7.95819876421e+50	28.1266058077 
560.0	7.540670437e+50	28.377167031 
561.0	9.17170376817e+50	29.3581418116 
562.0	1.0159510407e+51	29.9116688616 
563.0	1.10006343502e+51	30.475158116 
564.0	1.15912820096e+51	30.706204603 
565.0	1.2036403921e+51	30.8615332223 
566.0	1.21173330613e+51	30.663199679 
567.0	1.20828331078e+51	30.4375546747 
568.0	1.22031990312e+51	30.2602172581 
569.0	1.25076553316e+51	30.3366776607 
570.0	1.24371742654e+51	30.2487246731 
571.0	1.21199727196e+51	29.9045301737 
572.0	1.20625284667e+51	29.9186228424 
573.0	1.21386639703e+51	29.90455637 
574.0	1.230704807e+51	29.7262259145 
575.0	1.22698313063e+51	29.6346472478 
576.0	1.22765400681e+51	29.5879532657 
577.0	1.16115464774e+51	28.6186279015 
578.0	1.13769262724e+51	28.0974899035 
579.0	1.12576439619e+51	28.4204757766 
580.0	1.09335759706e+51	28.6258774629 
581.0	1.06767969994e+51	28.5355982571 
582.0	1.06325085301e+51	28.5768069793 
583.0	1.11481826122e+51	28.9254185808 
584.0	1.178660278e+51	29.279549999 
585.0	1.22444727982e+51	29.4335226319 
586.0	1.26384509497e+51	29.5785470753 
587.0	1.29625593333e+51	29.7001377073 
588.0	1.32141726442e+51	29.775370501 
589.0	1.34928749346e+51	29.8249228278 
590.0	1.37146146566e+51	29.8071658139 
591.0	1.39173036135e+51	29.8066393962 
592.0	1.41393106691e+51	29.7612623234 
593.0	1.43721368151e+51	29.7122747077 
594.0	1.45834951957e+51	29.6015247877 
595.0	1.48123212649e+51	29.5413895531 
596.0	1.50293293151e+51	29.4776032611 
597.0	1.52050554098e+51	29.3844245326 
598.0	1.53767875659e+51	29.2479526351 
599.0	1.54922575444e+51	29.1711732184 
600.0	1.55221993118e+51	29.100809672 
601.0	1.55012156255e+51	29.0414839896 
602.0	1.54815118772e+51	28.9636533058 
603.0	1.54463112349e+51	28.9409206447 
604.0	1.54142245937e+51	28.9643311429 
605.0	1.53908632326e+51	29.0361563233 
606.0	1.5393152107e+51	29.1631518355 
607.0	1.5421003338e+51	29.2917766395 
608.0	1.54445372952e+51	29.4125737308 
609.0	1.54678638337e+51	29.46506774 
610.0	1.55236986614e+51	29.4599089819 
611.0	1.55280612734e+51	29.418084332 
612.0	1.54265383534e+51	29.3285423352 
613.0	1.52889656106e+51	29.1934062134 
614.0	1.51069956621e+51	29.0487753512 
615.0	1.49107407951e+51	28.8659858868 
616.0	1.47845687597e+51	28.6939992091 
617.0	1.47594138511e+51	28.5530864621 
618.0	1.50224217713e+51	28.4172560125 
619.0	1.56046651009e+51	28.387387498 
620.0	1.64606420892e+51	28.4473222935 
621.0	1.73545183975e+51	28.575111159 
622.0	1.80332428772e+51	28.6239931531 
623.0	1.84508423084e+51	28.6225560447 
624.0	1.8600593022e+51	28.5677387749 
625.0	1.84692718462e+51	28.4147900728 
626.0	1.82811247418e+51	28.1803547129 
627.0	1.8050287059e+51	27.9723386006 
628.0	1.77578143571e+51	27.7197527241 
629.0	1.75022364191e+51	27.5147172785 
630.0	1.71815179825e+51	27.2800008097 
631.0	1.67785151067e+51	27.0453410065 
632.0	1.64297906537e+51	26.7925073009 
633.0	1.60664996704e+51	26.5912937163 
634.0	1.58618141642e+51	26.4122929427 
635.0	1.59400746704e+51	26.3339042647 
636.0	1.61711334627e+51	26.3029505111 
637.0	1.64176683703e+51	26.3353019223 
638.0	1.67034767531e+51	26.3333955553 
639.0	1.69846666219e+51	26.3686738452 
640.0	1.7307118995e+51	26.3969442053 
641.0	1.76101830802e+51	26.458226797 
642.0	1.7996213795e+51	26.53786358 
643.0	1.83247204812e+51	26.6508693442 
644.0	1.85436394168e+51	26.7216735347 
645.0	1.88482554338e+51	26.8331971434 
646.0	1.90937502512e+51	26.9102491162 
647.0	1.93100658013e+51	26.9701943581 
648.0	1.93652586121e+51	27.0097743385 
649.0	1.93956587731e+51	27.0731454486 
650.0	1.93107949737e+51	27.0816357827 
651.0	1.90841002177e+51	27.0655878603 
652.0	1.86656160644e+51	26.9770503493 
653.0	1.81866108404e+51	26.8287603664 
654.0	1.77093319711e+51	26.6835070584 
655.0	1.72679964025e+51	26.5617731761 
656.0	1.69162046356e+51	26.471867234 
657.0	1.66633375255e+51	26.4133739248 
658.0	1.64982967325e+51	26.3803751744 
659.0	1.64077556472e+51	26.3797555811 
660.0	1.63341747199e+51	26.3848223751 
661.0	1.62709521831e+51	26.3772356216 
662.0	1.61219410517e+51	26.352388324 
663.0	1.59189946675e+51	26.3055321168 
664.0	1.56846763772e+51	26.2093054663 
665.0	1.57347047027e+51	26.2425378095 
666.0	1.577517997e+51	26.2792226156 
667.0	1.58710873315e+51	26.3402444844 
668.0	1.60647246175e+51	26.4615378257 
669.0	1.62877074269e+51	26.574481985 
670.0	1.64062206079e+51	26.6540007234 
671.0	1.64168613239e+51	26.6591255543 
672.0	1.63677622804e+51	26.6698854108 
673.0	1.62211578766e+51	26.6149387496 
674.0	1.60194595748e+51	26.5669392007 
675.0	1.57892909923e+51	26.5173752942 
676.0	1.55688934418e+51	26.4688572386 
677.0	1.55688934418e+51	26.4688572386 
678.0	1.54144129988e+51	26.4507834995 
679.0	1.51664603848e+51	26.3662842247 
680.0	1.50037960846e+51	26.3220660033 
681.0	1.48796210297e+51	26.3022866511 
682.0	1.45993161466e+51	26.1975488774 
683.0	1.43889545845e+51	26.1112966555 
684.0	1.42364042968e+51	26.0577591736 
685.0	1.39510152124e+51	25.9218043939 
686.0	1.37429948268e+51	25.8307677746 
687.0	1.35257220369e+51	25.7371591177 
688.0	1.32494668982e+51	25.5922805932 
689.0	1.30717383981e+51	25.5047223293 
690.0	1.28698631433e+51	25.3970059887 
691.0	1.27309986148e+51	25.3244703007 
692.0	1.26104056678e+51	25.2702854028 
693.0	1.25409174626e+51	25.2342465428 
694.0	1.26314302189e+51	25.2928784353 
695.0	1.27837345533e+51	25.3908524775 
696.0	1.29901418521e+51	25.5237759127 
697.0	1.31179498715e+51	25.5833636589 
698.0	1.32810040435e+51	25.6696349159 
699.0	1.33985819645e+51	25.7168053525 
700.0	1.3473780302e+51	25.7774212223 
701.0	1.35336601013e+51	25.8355748742 
702.0	1.35523617104e+51	25.8578929594 
703.0	1.35903744629e+51	25.864476088 
704.0	1.35780985407e+51	25.8281199604 
705.0	1.35796863032e+51	25.7730949576 
706.0	1.35979545376e+51	25.718888791 
707.0	1.3590409776e+51	25.6385525752 
708.0	1.3629888103e+51	25.5877142494 
709.0	1.36587586141e+51	25.5453878211 
710.0	1.37092176375e+51	25.492632619 
711.0	1.3815660761e+51	25.4732455963 
712.0	1.38365490276e+51	25.3506104384 
713.0	1.39258353195e+51	25.2926540201 
714.0	1.39814929128e+51	25.2219255432 
715.0	1.40153682328e+51	25.1228601212 
716.0	1.41435797428e+51	25.0646927871 
717.0	1.41963468212e+51	24.9678423758 
718.0	1.43263525522e+51	24.9047367243 
719.0	1.44745246605e+51	24.8354939611 
720.0	1.45857013829e+51	24.7517268989 
721.0	1.47598590933e+51	24.7396849751 
722.0	1.47807853207e+51	24.6317246053 
723.0	1.48418490895e+51	24.5779109353 
724.0	1.49212326735e+51	24.5539097585 
725.0	1.49023690532e+51	24.4704392559 
726.0	1.49734816682e+51	24.4492606229 
727.0	1.50125229702e+51	24.4202451773 
728.0	1.50982325459e+51	24.3591273956 
729.0	1.52730536464e+51	24.350585248 
730.0	1.53136310255e+51	24.2441186547 
731.0	1.56247893121e+51	24.2644352644 
732.0	1.59306526912e+51	24.2894953695 
733.0	1.61831075197e+51	24.2876534367 
734.0	1.65243935187e+51	24.3147068717 
735.0	1.65983149705e+51	24.2733576455 
736.0	1.6703024706e+51	24.2683383784 
737.0	1.68270198366e+51	24.2931690811 
738.0	1.68192324703e+51	24.2760791827 
739.0	1.70042851411e+51	24.2831348446 
740.0	1.70174135315e+51	24.2735708987 
741.0	1.70689435224e+51	24.2310383504 
742.0	1.70382423805e+51	24.1979419973 
743.0	1.69853817037e+51	24.1738127605 
744.0	1.69614252997e+51	24.1002088503 
745.0	1.68660298946e+51	24.0731471506 
746.0	1.66992934152e+51	23.9792450225 
747.0	1.65733654007e+51	23.8970483922 
748.0	1.63974352916e+51	23.7932183662 
749.0	1.63155533824e+51	23.6649467642 
750.0	1.60427659654e+51	23.5267498615 
751.0	1.59601426664e+51	23.4038955628 
752.0	1.57883388397e+51	23.2859272677 
753.0	1.56606400259e+51	23.1720261283 
754.0	1.56285207215e+51	23.1083143102 
755.0	1.54657020853e+51	23.0071446901 
756.0	1.56641922312e+51	23.0188624809 
757.0	1.562237818e+51	22.9865485506 
758.0	1.58578188982e+51	22.9875494995 
759.0	1.59726286869e+51	23.0128744507 
760.0	1.60702107839e+51	22.9893590027 
761.0	1.63836746027e+51	23.0550600734 
762.0	1.64615529596e+51	23.0400968659 
763.0	1.67955572512e+51	23.0684238404 
764.0	1.6940083388e+51	23.079414608 
765.0	1.70233654416e+51	23.0243006301 
766.0	1.71622482818e+51	23.0272609417 
767.0	1.70097748623e+51	22.9038092013 
768.0	1.71318033583e+51	22.8811089602 
769.0	1.70394945858e+51	22.821084485 
770.0	1.70984358042e+51	22.7803815805 
771.0	1.72181640496e+51	22.7724546387 
772.0	1.7171878005e+51	22.7260530843 
773.0	1.71912816606e+51	22.7084144549 
774.0	1.70711552834e+51	22.6885132139 
775.0	1.69896714418e+51	22.6399868277 
776.0	1.69501833191e+51	22.6693636606 
777.0	1.6791960534e+51	22.6242451142 
778.0	1.69564128235e+51	22.6596105072 
779.0	1.69467655556e+51	22.6338349945 
780.0	1.70595744991e+51	22.6243913001 
781.0	1.71001527309e+51	22.6264082653 
782.0	1.71048318605e+51	22.5971243261 
783.0	1.72519869768e+51	22.6011351277 
784.0	1.73104912866e+51	22.5933933002 
785.0	1.74039210635e+51	22.5778484257 
786.0	1.75374527585e+51	22.5927845624 
787.0	1.76399701266e+51	22.5604433435 
788.0	1.77850691073e+51	22.5661159108 
789.0	1.7812716642e+51	22.5320272855 
790.0	1.78803552286e+51	22.4686424116 
791.0	1.79133117381e+51	22.4570376587 
792.0	1.78938168727e+51	22.4042752607 
793.0	1.79387708861e+51	22.3987077219 
794.0	1.79127805188e+51	22.3281197907 
795.0	1.79388966181e+51	22.2986051508 
796.0	1.78350751544e+51	22.2416639021 
797.0	1.78350707095e+51	22.1946475547 
798.0	1.77723475472e+51	22.1405804878 
799.0	1.77957905422e+51	22.0980001689 
800.0	1.78576766924e+51	22.1069682606 
801.0	1.7914227709e+51	22.0856887417 
802.0	1.79715372325e+51	22.1048063407 
803.0	1.80048716953e+51	22.1177746892 
804.0	1.80903643716e+51	22.1154690639 
805.0	1.80784233465e+51	22.100629511 
806.0	1.80048716953e+51	22.1177746892 
807.0	1.80903643716e+51	22.1154690639 
808.0	1.80784233465e+51	22.100629511 
809.0	1.81377274346e+51	22.0944140022 
810.0	1.81718256108e+51	22.0786735271 
811.0	1.81823629539e+51	22.0366643063 
812.0	1.82763425864e+51	22.0549948697 
813.0	1.8316257105e+51	22.0281654465 
814.0	1.843892243e+51	22.0544201985 
815.0	1.84953819863e+51	22.0553242327 
816.0	1.85399302065e+51	22.0338284022 
817.0	1.86433739351e+51	22.0553666502 
818.0	1.86157375893e+51	22.0189666573 
819.0	1.87786336561e+51	22.0458070718 
820.0	1.88966204136e+51	22.0861400875 
821.0	1.8930439853e+51	22.0748479345 
822.0	1.90164903494e+51	22.0723071659 
823.0	1.898624237e+51	22.0467379168 
824.0	1.91533308454e+51	22.0945222348 
825.0	1.91616664663e+51	22.0873155379 
826.0	1.92865081309e+51	22.102048487 
827.0	1.93031861134e+51	22.1049169989 
828.0	1.92278612141e+51	22.0826462477 
829.0	1.92719570607e+51	22.1150769056 
830.0	1.92698607748e+51	22.1235861652 
831.0	1.92583354769e+51	22.1072854393 
832.0	1.93673069864e+51	22.1495501369 
833.0	1.92907374861e+51	22.1317992017 
834.0	1.94361006528e+51	22.1864953448 
835.0	1.93325477433e+51	22.1786150877 
836.0	1.92902775183e+51	22.1771541293 
837.0	1.92269759324e+51	22.1878284593 
838.0	1.90795775543e+51	22.1558417591 
839.0	1.89991633987e+51	22.1365289164 
840.0	1.87775675135e+51	22.0605965365 
841.0	1.85875230096e+51	21.9899743571 
842.0	1.84030020402e+51	21.9350308289 
843.0	1.835120147e+51	21.9122098276 
844.0	1.8129334911e+51	21.8361857124 
845.0	1.79545137353e+51	21.7450627867 
846.0	1.78448863854e+51	21.7207341094 
847.0	1.76048853521e+51	21.6483121671 
848.0	1.74451745421e+51	21.6042990287 
849.0	1.72220136463e+51	21.521855228 
850.0	1.70534956407e+51	21.4576888281 
851.0	1.68238968737e+51	21.3791789484 
852.0	1.67226359932e+51	21.3304695781 
853.0	1.6463302993e+51	21.2350567304 
854.0	1.62865987031e+51	21.1731598838 
855.0	1.60799061313e+51	21.1156048522 
856.0	1.59726673816e+51	21.0635138929 
857.0	1.57343467417e+51	20.9943557363 
858.0	1.56007928758e+51	20.9498335916 
859.0	1.54011602907e+51	20.8719130315 
860.0	1.53102757855e+51	20.8394186321 
861.0	1.51445982828e+51	20.7871303492 
862.0	1.51568506065e+51	20.7648272182 
863.0	1.49895220368e+51	20.7125527991 
864.0	1.49624396783e+51	20.6911828246 
865.0	1.48887797654e+51	20.6551468458 
866.0	1.47409302373e+51	20.6026675481 
867.0	1.46006659714e+51	20.5606539312 
868.0	1.4565357907e+51	20.5567502846 
869.0	1.44476109185e+51	20.5331602433 
870.0	1.44240692677e+51	20.5212919866 
871.0	1.43222378711e+51	20.5024479343 
872.0	1.42771555709e+51	20.5007890896 
873.0	1.42548450027e+51	20.501184567 
874.0	1.42080366709e+51	20.4907626585 
875.0	1.410358414e+51	20.4409091004 
876.0	1.40850540277e+51	20.4217120652 
877.0	1.39670632277e+51	20.3877975749 
878.0	1.39172431538e+51	20.3609263708 
879.0	1.38151960413e+51	20.3399484942 
880.0	1.37691150811e+51	20.3444952226 
881.0	1.36484260696e+51	20.3180533082 
882.0	1.36029620602e+51	20.3174937609 
883.0	1.3528570601e+51	20.32295663 
884.0	1.35085314857e+51	20.3228397921 
885.0	1.34843627623e+51	20.3476800968 
886.0	1.35377138802e+51	20.363892955 
887.0	1.346451244e+51	20.3597341172 
888.0	1.35201270697e+51	20.4028625331 
889.0	1.35207335552e+51	20.4466547369 
890.0	1.35221121335e+51	20.4675278612 
891.0	1.35350430853e+51	20.4995313765 
892.0	1.35637632131e+51	20.5280216919 
893.0	1.35253028994e+51	20.517237734 
894.0	1.3551097926e+51	20.536621965 
895.0	1.34766984792e+51	20.4999332034 
896.0	1.34429880016e+51	20.4662949682 
897.0	1.34452433183e+51	20.4808300795 
898.0	1.34066558471e+51	20.4356013201 
899.0	1.34449750884e+51	20.4370359522 
900.0	1.34977323999e+51	20.386217707 
901.0	1.35003916257e+51	20.3438436902 
902.0	1.35332557494e+51	20.3110357086 
903.0	1.3666686441e+51	20.2880255364 
904.0	1.38878088558e+51	20.1251104033 
905.0	1.40533808989e+51	20.0610051092 
906.0	1.43754044283e+51	19.7294916286 
907.0	1.43361647436e+51	19.6779972754 
908.0	1.42621670562e+51	19.6758478432 
909.0	1.42215995823e+51	19.6628478675 
910.0	1.41275439163e+51	19.6502003892 
911.0	1.40937204235e+51	19.6154362351 
912.0	1.40566915368e+51	19.6034452861 
913.0	1.40237692469e+51	19.5905611751 
914.0	1.39485765306e+51	19.568257046 
915.0	1.39123417513e+51	19.534911469 
916.0	1.38505081541e+51	19.5259853992 
917.0	1.38287855008e+51	19.5164599024 
918.0	1.37872161204e+51	19.4963145851 
919.0	1.37693015864e+51	19.4884771735 
920.0	1.37150532215e+51	19.4843695313 
921.0	1.36616495937e+51	19.4697942522 
922.0	1.36452594028e+51	19.4761848959 
923.0	1.3597200136e+51	19.4744589774 
924.0	1.35490830776e+51	19.4555771914 
925.0	1.35632489823e+51	19.4629936928 
926.0	1.34990770768e+51	19.4467991208 
927.0	1.3467290641e+51	19.4351679946 
928.0	1.34447720671e+51	19.4156188346 
929.0	1.34057917979e+51	19.3980531166 
930.0	1.3335801425e+51	19.3884572821 
931.0	1.32824946007e+51	19.3932146745 
932.0	1.32406733623e+51	19.3649215619 
933.0	1.32134497788e+51	19.3549087062 
934.0	1.31333802164e+51	19.3092666715 
935.0	1.31589350527e+51	19.3609512078 
936.0	1.30990852509e+51	19.3289731142 
937.0	1.29993236588e+51	19.2879543245 
938.0	1.29877214075e+51	19.2923862495 
939.0	1.29156603326e+51	19.2628197327 
940.0	1.28072169773e+51	19.2126687931 
941.0	1.27357047093e+51	19.1661442806 
942.0	1.27027323182e+51	19.1275667751 
943.0	1.26064736654e+51	19.0763179326 
944.0	1.2516447558e+51	19.0213869892 
945.0	1.24722042636e+51	19.0057996345 
946.0	1.24496534105e+51	18.9797037973 
947.0	1.2418915984e+51	18.9755858537 
948.0	1.23721004142e+51	18.9747474408 
949.0	1.22975173604e+51	18.9252765173 
950.0	1.22599614471e+51	18.9013148754 
951.0	1.21910565702e+51	18.8789478446 
952.0	1.21308995132e+51	18.8944546142 
953.0	1.20763872668e+51	18.8781536908 
954.0	1.19941128914e+51	18.8674637687 
955.0	1.19232242667e+51	18.8575262558 
956.0	1.18505620078e+51	18.8371370829 
957.0	1.17938094103e+51	18.8250053523 
958.0	1.17250859375e+51	18.8154104727 
959.0	1.16510850046e+51	18.7980787967 
960.0	1.16036803555e+51	18.7999391055 
961.0	1.15360747818e+51	18.7645101741 
962.0	1.14549746904e+51	18.7561519156 
963.0	1.14249464466e+51	18.75288951 
964.0	1.13616129168e+51	18.7387096807 
965.0	1.13012102735e+51	18.7382644838 
966.0	1.12331648076e+51	18.7012169923 
967.0	1.11806789177e+51	18.6841630531 
968.0	1.11183286638e+51	18.653476135 
969.0	1.10819978646e+51	18.6471235857 
970.0	1.10113389939e+51	18.6187200715 
971.0	1.09589281066e+51	18.5981700007 
972.0	1.09016997869e+51	18.5928340583 
973.0	1.08637207405e+51	18.5760741993 
974.0	1.08034446071e+51	18.5439303792 
975.0	1.07553905226e+51	18.5275753346 
976.0	1.07228203781e+51	18.4978950922 
977.0	1.07090365024e+51	18.4762263678 
978.0	1.06624182902e+51	18.4454994323 
979.0	1.06145633485e+51	18.4479152761 
980.0	1.05959940817e+51	18.4382210355 
981.0	1.0538660843e+51	18.4137767313 
982.0	1.04966732121e+51	18.3764791091 
983.0	1.04868486234e+51	18.3788268959 
984.0	1.04322404502e+51	18.3469744711 
985.0	1.03590952012e+51	18.3216968008 
986.0	1.0331846478e+51	18.2987957938 
987.0	1.03326689468e+51	18.3019593719 
988.0	1.02794061762e+51	18.2661453744 
989.0	1.02252789813e+51	18.2704692281 
990.0	1.02768168814e+51	18.2586347397 
991.0	1.02450032888e+51	18.2630857077 
992.0	1.01810708114e+51	18.2361740337 
993.0	1.01936641049e+51	18.2490624239 
994.0	1.02146753816e+51	18.2276797594 
995.0	1.01774838716e+51	18.2515701827 
996.0	1.02006788219e+51	18.242782062 
997.0	1.02327810485e+51	18.2450695572 
998.0	1.0169984035e+51	18.2426374607 
999.0	1.0244447343e+51	18.2317117831 
1000.0	1.02382061256e+51	18.2067038157 
1001.0	1.02184464108e+51	18.227451206 
1002.0	1.02226113177e+51	18.1985188164 
1003.0	1.02005921835e+51	18.1739656187 
1004.0	1.02530284461e+51	18.156698697 
1005.0	1.0245701439e+51	18.1699454463 
1006.0	1.02093024867e+51	18.1378213815 
1007.0	1.02329561506e+51	18.1327279834 
1008.0	1.03111890096e+51	18.1339853814 
1009.0	1.02735399449e+51	18.12674842 
1010.0	1.02699391424e+51	18.1221794298 
1011.0	1.03013839201e+51	18.1179492683 
1012.0	1.02716881405e+51	18.0956432063 
1013.0	1.02792318366e+51	18.0857977806 
1014.0	1.03182636411e+51	18.0649869229 
1015.0	1.02989966499e+51	18.0363326514 
1016.0	1.03022407663e+51	18.0252690755 
1017.0	1.03103136686e+51	18.0119728073 
1018.0	1.03393416607e+51	18.0114728489 
1019.0	1.03651922889e+51	17.9919592371 
1020.0	1.03344712562e+51	17.9956305744 
1021.0	1.03584710927e+51	17.9888955178 
1022.0	1.03810213542e+51	17.9666409013 
1023.0	1.03153492773e+51	17.9373620808 
1024.0	1.03262176117e+51	17.923476991 
1025.0	1.03560378837e+51	17.9090933683 
1026.0	1.03210896898e+51	17.8885123942 
1027.0	1.0309148884e+51	17.8780816769 
1028.0	1.03340193148e+51	17.8621742389 
1029.0	1.03338243083e+51	17.8561108743 
1030.0	1.02989271721e+51	17.8431400554 
1031.0	1.03664175029e+51	17.8486542578 
1032.0	1.03545972822e+51	17.8527916762 
1033.0	1.0338778791e+51	17.8484350721 
1034.0	1.03627422566e+51	17.8414966417 
1035.0	1.03175626367e+51	17.8319760474 
1036.0	1.03398456592e+51	17.8161390473 
1037.0	1.03167934349e+51	17.8030433097 
1038.0	1.02989392878e+51	17.7933030272 
1039.0	1.02722443557e+51	17.7787430116 
1040.0	1.02695671926e+51	17.7831393294 
1041.0	1.02987972332e+51	17.7476285994 
1042.0	1.02556412472e+51	17.7391687266 
1043.0	1.02882973923e+51	17.7342144063 
1044.0	1.02719955366e+51	17.7319916609 
1045.0	1.02892764639e+51	17.7178323316 
1046.0	1.02552489731e+51	17.6941255064 
1047.0	1.02715000618e+51	17.7021290656 
1048.0	1.02955095551e+51	17.6666914906 
1049.0	1.02407528973e+51	17.6437638402 
1050.0	1.02835481471e+51	17.6538892983 
1051.0	1.02556043745e+51	17.5937131656 
1052.0	1.02397566091e+51	17.5662416188 
1053.0	1.0263630483e+51	17.5659520934 
1054.0	1.02810620765e+51	17.5230562962 
1055.0	1.02489896182e+51	17.4724783957 
1056.0	1.02825216654e+51	17.4732705559 
1057.0	1.02919114233e+51	17.4171157893 
1058.0	1.02688263754e+51	17.3637117555 
1059.0	1.02860931556e+51	17.3749577613 
1060.0	1.02906443923e+51	17.3354799205 
1061.0	1.027698409e+51	17.2855162448 
1062.0	1.02548563519e+51	17.2624008237 
1063.0	1.02968425888e+51	17.2881742765 
1064.0	1.0320064184e+51	17.2214893692 
1065.0	1.02390265537e+51	17.1742817968 
1066.0	1.02601987423e+51	17.1971307102 
1067.0	1.03023372807e+51	17.162377491 
1068.0	1.02027961801e+51	17.1170020609 
1069.0	1.02698047365e+51	17.1377769888 
1070.0	1.025587998e+51	17.0955879752 
1071.0	1.0191499059e+51	17.0735651029 
1072.0	1.01649149514e+51	17.0449712809 
1073.0	1.01767275627e+51	17.0247928555 
1074.0	1.00852337189e+51	16.9618193111 
1075.0	1.01438161705e+51	17.0004429924 
1076.0	1.00837924217e+51	16.9578957188 
1077.0	1.00408024781e+51	16.9490498155 
1078.0	9.99126222672e+50	16.9189120485 
1079.0	9.99158530697e+50	16.920446432 
1080.0	9.96934411045e+50	16.8843400458 
1081.0	9.9021705855e+50	16.8476622808 
1082.0	9.91395984462e+50	16.8505165934 
1083.0	9.8756090815e+50	16.8088480982 
1084.0	9.84247459681e+50	16.8123063899 
1085.0	9.85837571243e+50	16.8114022108 
1086.0	9.85500341575e+50	16.8047673549 
1087.0	9.80979597491e+50	16.797515485 
1088.0	9.78264288355e+50	16.7746700668 
1089.0	9.81402540801e+50	16.7622050803 
1090.0	9.7333053507e+50	16.7549064196 
1091.0	9.72472146288e+50	16.7520782744 
1092.0	9.72377122465e+50	16.7342902203 
1093.0	9.67356078055e+50	16.7294239651 
1094.0	9.66097064842e+50	16.7172762375 
1095.0	9.62015950273e+50	16.6841154191 
1096.0	9.63714370796e+50	16.724301146 
1097.0	9.5628816842e+50	16.6630438237 
1098.0	9.56275042223e+50	16.6647538268 
1099.0	9.57688551925e+50	16.6980066971 
1100.0	9.49402183765e+50	16.6429345406 
1101.0	9.54305045302e+50	16.6937440902 
1102.0	9.46608652649e+50	16.6314874915 
1103.0	9.44005249691e+50	16.576168942 
1104.0	9.53609586069e+50	16.6487646255 
1105.0	9.44034769659e+50	16.6113109488 
1106.0	9.40799724093e+50	16.5628771387 
1107.0	9.44592229569e+50	16.6252149542 
1108.0	9.39390633245e+50	16.5931467516 
1109.0	9.39424580184e+50	16.5726433286 
1110.0	9.40004276426e+50	16.5927003219 
1111.0	9.36470388053e+50	16.5784764166 
1112.0	9.38092397485e+50	16.5901549459 
1113.0	9.3687675896e+50	16.5909427477 
1114.0	9.32834599793e+50	16.5833590054 
1115.0	9.32023505705e+50	16.5765091026 
1116.0	9.32386269215e+50	16.576521608 
1117.0	9.29730682756e+50	16.5784187385 
1118.0	9.30628985304e+50	16.5676070167 
1119.0	9.3072692969e+50	16.5797106834 
1120.0	9.28908207042e+50	16.5713703757 
1121.0	9.28425582736e+50	16.552634788 
1122.0	9.30313887447e+50	16.5386600555 
1123.0	9.32673006408e+50	16.5532626611 
1124.0	9.30647684863e+50	16.5307478462 
1125.0	9.32157178734e+50	16.5383404162 
1126.0	9.34239564566e+50	16.5554155805 
1127.0	9.33439958104e+50	16.5467314014 
1128.0	9.36235323768e+50	16.5424596712 
1129.0	9.36204497983e+50	16.5613422648 
1130.0	9.35086017133e+50	16.5512769296 
1131.0	9.36691902348e+50	16.56434043 
1132.0	9.35781370307e+50	16.5742811561 
1133.0	9.35149861633e+50	16.5743769501 
1134.0	9.35630899176e+50	16.566576889 
1135.0	9.39137390113e+50	16.5809070314 
1136.0	9.36156481174e+50	16.556933248 
1137.0	9.38744792204e+50	16.5718691628 
1138.0	9.38497772766e+50	16.5853839612 
1139.0	9.38349860751e+50	16.5818800029 
1140.0	9.40006363723e+50	16.5972746296 
1141.0	9.38755907673e+50	16.5931702078 
1142.0	9.37989196305e+50	16.5881801167 
1143.0	9.38853748956e+50	16.5836384261 
1144.0	9.40401086424e+50	16.6068384424 
1145.0	9.41442599651e+50	16.5922239663 
1146.0	9.45190702496e+50	16.5779283835 
1147.0	9.44838204602e+50	16.5701733774 
1148.0	9.45689952021e+50	16.5726056773 
1149.0	9.44169610719e+50	16.561524188 
1150.0	9.48766398066e+50	16.5795138768 
1151.0	9.46865422072e+50	16.5823636144 
1152.0	9.45724486546e+50	16.5461540485 
1153.0	9.45524161344e+50	16.53609899 
1154.0	9.46847530513e+50	16.5433783615 
1155.0	9.45039742451e+50	16.5291333186 
1156.0	9.43876815435e+50	16.5222416032 
1157.0	9.42410072849e+50	16.5007264738 
1158.0	9.42729144483e+50	16.5014697352 
1159.0	9.49804744789e+50	16.529209729 
1160.0	9.45172588065e+50	16.4979072577 
1161.0	9.44575630274e+50	16.488159711 
1162.0	9.48073077e+50	16.5185321973 
1163.0	9.47648662973e+50	16.5033072446 
1164.0	9.46520210333e+50	16.4804388683 
1165.0	9.49246420344e+50	16.4649388337 
1166.0	9.49615726157e+50	16.4509097816 
1167.0	9.4957919384e+50	16.4560061751 
1168.0	9.48625332479e+50	16.4343996624 
1169.0	9.50140904024e+50	16.4280739139 
1170.0	9.50865904023e+50	16.4214077184 
1171.0	9.50138862246e+50	16.4160889849 
1172.0	9.51995957085e+50	16.4103639865 
1173.0	9.50275900566e+50	16.3770183251 
1174.0	9.49715387102e+50	16.3690287349 
1175.0	9.54478722531e+50	16.3932050151 
1176.0	9.49523924357e+50	16.3675732866 
1177.0	9.4676539038e+50	16.3438652823 
1178.0	9.51582702734e+50	16.3565271397 
1179.0	9.4716502825e+50	16.3277864212 
1180.0	9.44902987136e+50	16.2974554345 
1181.0	9.4567381796e+50	16.312487243 
1182.0	9.4177451178e+50	16.2854950497 
1183.0	9.37978928108e+50	16.2651519388 
1184.0	9.38254286414e+50	16.264904949 
1185.0	9.37169543381e+50	16.2373562863 
1186.0	9.35251801773e+50	16.2241654464 
1187.0	9.31234667106e+50	16.2027392112 
1188.0	9.27962566697e+50	16.1760439365 
1189.0	9.27020402028e+50	16.1680853122 
1190.0	9.23483557412e+50	16.1448851974 
1191.0	9.18953638888e+50	16.122725899 
1192.0	9.21414135675e+50	16.1193234991 
1193.0	9.1864937781e+50	16.098047128 
1194.0	9.13622030412e+50	16.069212592 
1195.0	9.13114291322e+50	16.0493431935 
1196.0	9.15941575019e+50	16.0528399883 
1197.0	9.08894434496e+50	16.0252240918 
1198.0	9.04065127558e+50	16.0056382886 
1199.0	9.12030422696e+50	16.0240865324 
1200.0	9.05713170842e+50	15.9793510141 
1201.0	9.01048801583e+50	15.9674659182 
1202.0	9.06808920912e+50	15.9619908319 
1203.0	9.02061169632e+50	15.942838877 
1204.0	8.97155997413e+50	15.9109606779 
1205.0	9.0029794764e+50	15.9307535086 
1206.0	8.95077002436e+50	15.8913224359 
1207.0	8.95931713745e+50	15.9009658818 
1208.0	8.9395630214e+50	15.8845074522 
1209.0	8.88380821731e+50	15.8389463856 
1210.0	8.89321124021e+50	15.8584576211 
1211.0	8.86828659755e+50	15.8525068485 
1212.0	8.89769424256e+50	15.8537288892 
1213.0	8.83322022706e+50	15.8323555986 
1214.0	8.79047559363e+50	15.8101532026 
1215.0	8.82112242146e+50	15.8247780911 
1216.0	8.73550232668e+50	15.794077817 
1217.0	8.74942481819e+50	15.7941733093 
1218.0	8.72863691758e+50	15.7888052657 
1219.0	8.65131542435e+50	15.7332789845 
1220.0	8.73422128495e+50	15.7823017456 
1221.0	8.63576064019e+50	15.742821163 
1222.0	8.59957870471e+50	15.7341495097 
1223.0	8.57520774818e+50	15.73131985 
1224.0	8.52598966915e+50	15.7152876742 
1225.0	8.53315645544e+50	15.7244779373 
1226.0	8.48464715259e+50	15.715076198 
1227.0	8.47018014571e+50	15.7213241139 
1228.0	8.4534083776e+50	15.6896806893 
1229.0	8.41466321756e+50	15.6902814098 
1230.0	8.37350708861e+50	15.6729077118 
1231.0	8.38611992231e+50	15.6870414759 
1232.0	8.31909492652e+50	15.6649786529 
1233.0	8.3778891414e+50	15.6914970943 
1234.0	8.31088642182e+50	15.6611459047 
1235.0	8.33243673887e+50	15.6676240031 
1236.0	8.36088124798e+50	15.6749788871 
1237.0	8.29775503192e+50	15.6417746586 
1238.0	8.28762503363e+50	15.6657885548 
1239.0	8.27466709332e+50	15.6586622355 
1240.0	8.26734429003e+50	15.6754250151 
1241.0	8.25327485367e+50	15.6697752785 
1242.0	8.25211162396e+50	15.6704383124 
1243.0	8.19977793309e+50	15.6528034856 
1244.0	8.16780080475e+50	15.6385310502 
1245.0	8.16354243762e+50	15.6483853007 
1246.0	8.1112838082e+50	15.6355762753 
1247.0	8.10575306315e+50	15.63184177 
1248.0	8.08207692363e+50	15.6375457679 
1249.0	8.05902235098e+50	15.6275514753 
1250.0	8.08302647798e+50	15.6480941198 
1251.0	8.01456240217e+50	15.6137128267 
1252.0	8.00474017864e+50	15.602611153 
1253.0	8.02715938257e+50	15.6184462774 
1254.0	7.97921200047e+50	15.5904405027 
1255.0	8.01291252901e+50	15.6064018888 
1256.0	7.99549193646e+50	15.6173235078 
1257.0	7.96022446526e+50	15.5703968943 
1258.0	7.99705960339e+50	15.5714876357 
1259.0	7.9470815502e+50	15.5598081003 
1260.0	7.94810602392e+50	15.5479786722 
1261.0	7.93697547377e+50	15.5479816837 
1262.0	7.89819655576e+50	15.5298374277 
1263.0	7.93592685817e+50	15.5307226586 
1264.0	7.89426820744e+50	15.5143354293 
1265.0	7.90186944861e+50	15.5177057974 
1266.0	7.8872133509e+50	15.5017962183 
1267.0	7.86767668086e+50	15.5043474685 
1268.0	7.85879575509e+50	15.4899913667 
1269.0	7.84115566893e+50	15.4565539206 
1270.0	7.85544688455e+50	15.4639157381 
1271.0	7.8530650237e+50	15.4558102682 
1272.0	7.80936165886e+50	15.4332867031 
1273.0	7.81891539325e+50	15.4510082518 
1274.0	7.79362686493e+50	15.4244139518 
1275.0	7.76903035126e+50	15.4190581111 
1276.0	7.81224059937e+50	15.4492194503 
1277.0	7.73266328256e+50	15.3909099995 
1278.0	7.71961226724e+50	15.4067320708 
1279.0	7.7073541677e+50	15.388764125 
1280.0	7.69006499023e+50	15.3761270469 
1281.0	7.67799964012e+50	15.3582557602 
1282.0	7.66189838594e+50	15.3311812222 
1283.0	7.6357012371e+50	15.3169078376 
1284.0	7.63327861287e+50	15.3056316353 
1285.0	7.5928453226e+50	15.2798247835 
1286.0	7.60120171561e+50	15.2964137195 
1287.0	7.64932718659e+50	15.2962122209 
1288.0	7.57809667293e+50	15.2586823467 
1289.0	7.58463821984e+50	15.2655665449 
1290.0	7.55307289136e+50	15.2404767568 
1291.0	7.53230739478e+50	15.2271647848 
1292.0	7.54798735642e+50	15.2461004012 
1293.0	7.51589764617e+50	15.2027575451 
1294.0	7.46610316659e+50	15.1835602533 
1295.0	7.49673392261e+50	15.1885493665 
1296.0	7.44039783004e+50	15.1533100664 
1297.0	7.42345029659e+50	15.146632165 
1298.0	7.43294150179e+50	15.1521042317 
1299.0	7.39436831436e+50	15.1249828109 
1300.0	7.37968523821e+50	15.1147637818 
1301.0	7.37365468984e+50	15.1053490485 
1302.0	7.36177152966e+50	15.1083582518 
1303.0	7.34517636062e+50	15.1009444511 
1304.0	7.27041664567e+50	15.05918949 
1305.0	7.26267390932e+50	15.0592526714 
1306.0	7.30232581232e+50	15.0845363634 
1307.0	7.21212030198e+50	15.0392153524 
1308.0	7.22430701916e+50	15.0316347742 
1309.0	7.20338424642e+50	15.0146216427 
1310.0	7.18414634648e+50	15.0105308246 
1311.0	7.17212854922e+50	14.9740005545 
1312.0	7.2125723782e+50	15.0090213584 
1313.0	7.1639538131e+50	14.9866139623 
1314.0	7.17427145433e+50	14.9776808084 
1315.0	7.19548865173e+50	14.9856779394 
1316.0	7.11149753175e+50	14.955359729 
1317.0	7.15295080568e+50	14.9537610355 
1318.0	7.07638029336e+50	14.9006500008 
1319.0	7.08619597347e+50	14.9080136261 
1320.0	7.04508001865e+50	14.886978736 
1321.0	7.03430344618e+50	14.8787228276 
1322.0	7.04344331209e+50	14.8761966413 
1323.0	7.01505681811e+50	14.8414608021 
1324.0	6.95987724897e+50	14.8120286017 
1325.0	6.89885305335e+50	14.7786846834 
1326.0	6.91714928557e+50	14.7814650363 
1327.0	6.95514505683e+50	14.7798068386 
1328.0	6.87921667966e+50	14.7550321835 
1329.0	6.81491529052e+50	14.7271306721 
1330.0	6.82014201869e+50	14.7181968199 
1331.0	6.85931010523e+50	14.7454221253 
1332.0	6.7964783898e+50	14.7134235766 
1333.0	6.72068729178e+50	14.6738977707 
1334.0	6.75750949797e+50	14.683066795 
1335.0	6.75072378053e+50	14.6763588061 
1336.0	6.74103237085e+50	14.6738938155 
1337.0	6.637845537e+50	14.6155341684 
1338.0	6.67405319173e+50	14.6084306469 
1339.0	6.65896438925e+50	14.6115412625 
1340.0	6.60854171483e+50	14.5967331245 
1341.0	6.56844992031e+50	14.5581006311 
1342.0	6.57943893946e+50	14.5766303359 
1343.0	6.62741187192e+50	14.6041253599 
1344.0	6.48306447284e+50	14.5154470716 
1345.0	6.56511290385e+50	14.5533376964 
1346.0	6.55216209346e+50	14.5628523551 
1347.0	6.42142991427e+50	14.4944959685 
1348.0	6.47935815583e+50	14.5084111768 
1349.0	6.43720664376e+50	14.4939912882 
1350.0	6.42570909849e+50	14.4868429683 
1351.0	6.3357731389e+50	14.4358978477 
1352.0	6.40508141403e+50	14.4689153483 
1353.0	6.43812349009e+50	14.4756432453 
1354.0	6.25812030452e+50	14.4074059112 
1355.0	6.29647692361e+50	14.4195892165 
1356.0	6.28443001207e+50	14.4058685114 
1357.0	6.28571940684e+50	14.4158082937 
1358.0	6.22675379338e+50	14.3913958105 
1359.0	6.29611748638e+50	14.4033942298 
1360.0	6.32490154579e+50	14.4251227195 
1361.0	6.2150577316e+50	14.3714909928 
1362.0	6.09433823287e+50	14.3268408051 
1363.0	6.04305629186e+50	14.3047544747 
1364.0	6.12211944367e+50	14.3392351608 
1365.0	6.07044686331e+50	14.322150367 
1366.0	6.0602747914e+50	14.2895775834 
1367.0	6.02942457828e+50	14.3006452681 
1368.0	6.14032790591e+50	14.3548033857 
1369.0	5.9724703452e+50	14.2977612738 
1370.0	5.94244634085e+50	14.2814000875 
1371.0	5.9690085461e+50	14.2768245458 
1372.0	5.98084362772e+50	14.2966534507 
1373.0	5.88647398777e+50	14.2494580236 
1374.0	5.94040207947e+50	14.2550458333 
1375.0	5.93171108686e+50	14.2627907323 
1376.0	5.80265061308e+50	14.1937272371 
1377.0	5.74240332584e+50	14.1574102249 
1378.0	5.68820469287e+50	14.1129719851 
1379.0	5.73000167688e+50	14.1314680639 
1380.0	5.71637202139e+50	14.1228751517 
1381.0	5.65704391897e+50	14.094334355 
1382.0	5.68049161041e+50	14.1128151302 
1383.0	5.76156253032e+50	14.1475757281 
1384.0	5.73722922721e+50	14.1225081173 
1385.0	5.78653247506e+50	14.1815393756 
1386.0	5.56065762086e+50	14.0424908849 
1387.0	5.60630030257e+50	14.061911299 
1388.0	5.5622407313e+50	14.0465198997 
1389.0	5.55332824785e+50	14.0412790351 
1390.0	5.6119693126e+50	14.0666862965 
1391.0	5.62700325471e+50	14.0698335191 
1392.0	5.60049395751e+50	14.0540147874 
1393.0	5.4935449958e+50	13.9989921934 
1394.0	5.40632521883e+50	13.9596854136 
1395.0	5.45510773283e+50	13.983358914 
1396.0	5.42022499874e+50	13.9741167198 
1397.0	5.38324865084e+50	13.9542519239 
1398.0	5.39169471878e+50	13.9621779815 
1399.0	5.40785603182e+50	13.9756119297 
1400.0	5.4265998672e+50	13.9730511223 
1401.0	5.40961958584e+50	13.9634818133 
1402.0	5.33068892553e+50	13.9390630662 
1403.0	5.21987563734e+50	13.8858451481 
1404.0	5.20443783127e+50	13.8930592624 
1405.0	5.20942078956e+50	13.8699264132 
1406.0	5.20227592359e+50	13.8523095954 
1407.0	5.18916891323e+50	13.85105618 
1408.0	5.22282431718e+50	13.8810536756 
1409.0	5.2627511584e+50	13.9015105717 
1410.0	5.28401950211e+50	13.9162367658 
1411.0	5.19736596262e+50	13.8187788169 
1412.0	5.18128037699e+50	13.8397735748 
1413.0	5.1086580379e+50	13.7967844449 
1414.0	5.10034358286e+50	13.8066898108 
1415.0	5.05978000535e+50	13.7888010006 
1416.0	5.09418962989e+50	13.8065072445 
1417.0	5.13077200457e+50	13.8211099546 
1418.0	5.06756612997e+50	13.7903467452 
1419.0	4.96549242476e+50	13.7225962515 
1420.0	5.09526446789e+50	13.8102067978 
1421.0	4.86903050976e+50	13.6778105673 
1422.0	4.86634186766e+50	13.66649419 
1423.0	4.86005915728e+50	13.6773123348 
1424.0	4.85643272568e+50	13.6835898887 
1425.0	4.85340073338e+50	13.6905163348 
1426.0	4.8488053311e+50	13.6952438286 
1427.0	4.8748521074e+50	13.6811223995 
1428.0	4.83874865454e+50	13.6598032905 
1429.0	4.80802077631e+50	13.669825328 
1430.0	4.71495150035e+50	13.6143567777 
1431.0	4.69704358351e+50	13.6156665161 
1432.0	4.66442050706e+50	13.6148780832 
1433.0	4.66808686039e+50	13.5867919749 
1434.0	4.62742168562e+50	13.5613058487 
1435.0	4.67453989536e+50	13.5927197125 
1436.0	4.76425171148e+50	13.6518857381 
1437.0	4.73536725132e+50	13.6560127555 
1438.0	4.6640163968e+50	13.6369549773 
1439.0	4.6728541602e+50	13.6301964557 
1440.0	4.68038247507e+50	13.632837388 
1441.0	4.6920229751e+50	13.6355518205 
1442.0	4.71911016114e+50	13.6659554855 
1443.0	4.69544819695e+50	13.6313223215 
1444.0	4.67152870337e+50	13.6278173041 
1445.0	4.61065630424e+50	13.5973181471 
1446.0	4.56508452251e+50	13.5891772515 
1447.0	4.54043338796e+50	13.5713886011 
1448.0	4.51033512767e+50	13.5378845407 
1449.0	4.48377632089e+50	13.5180444771 
1450.0	4.46615098291e+50	13.5042607066 
1451.0	4.46712399003e+50	13.509309489 
1452.0	4.48298577871e+50	13.5195755035 
1453.0	4.46312715908e+50	13.5043155883 
1454.0	4.43242106178e+50	13.4929574599 
1455.0	4.44680018948e+50	13.4998585857 
1456.0	4.46040606692e+50	13.488119433 
1457.0	4.48897852366e+50	13.5030736849 
1458.0	4.39474238618e+50	13.4534772605 
1459.0	4.35708028775e+50	13.4653094374 
1460.0	4.33376417255e+50	13.4427308394 
1461.0	4.32878833661e+50	13.4577361166 
1462.0	4.3343929264e+50	13.4495129365 
1463.0	4.34486198841e+50	13.4550526409 
1464.0	4.42320713371e+50	13.4944559191 
1465.0	4.42473862823e+50	13.5082358381 
1466.0	4.32498578909e+50	13.4495462473 
1467.0	4.29570173763e+50	13.4237312582 
1468.0	4.28212505989e+50	13.4186432815 
1469.0	4.27811581713e+50	13.4274659737 
1470.0	4.31078640445e+50	13.4426380092 
1471.0	4.33281325743e+50	13.4717693766 
1472.0	4.36079295301e+50	13.4468601668 
1473.0	4.3325742526e+50	13.4383636607 
1474.0	4.21944994576e+50	13.3461291451 
1475.0	4.19704443079e+50	13.3402256541 
1476.0	4.1779575233e+50	13.333177437 
1477.0	4.17243678932e+50	13.3180788621 
1478.0	4.19381836464e+50	13.3167644099 
1479.0	4.22632105329e+50	13.3472580938 
1480.0	4.21270010504e+50	13.3289717355 
1481.0	4.19462148684e+50	13.2958057249 
1482.0	4.11272373653e+50	13.2461022295 
1483.0	4.08219933703e+50	13.2049639541 
1484.0	4.05299919508e+50	13.1864048456 
1485.0	4.0497150081e+50	13.1809133238 
1486.0	4.02017972722e+50	13.1518094129 
1487.0	4.03446666562e+50	13.1468915576 
1488.0	4.05765154015e+50	13.1432340398 
1489.0	4.08092848943e+50	13.1701034802 
1490.0	4.08595843577e+50	13.1714436627 
1491.0	4.02416144896e+50	13.1258758101 
1492.0	4.04105483927e+50	13.125200675 
1493.0	3.99916388522e+50	13.1192602521 
1494.0	3.92754074227e+50	13.0729161048 
1495.0	3.89210933358e+50	13.0393910979 
1496.0	3.88213020701e+50	13.0410368235 
1497.0	3.85576241103e+50	13.0239395616 
1498.0	3.89870869814e+50	13.0437603414 
1499.0	3.91146280083e+50	13.0583084985 
1500.0	3.90415215263e+50	13.0572399652 
1501.0	3.91115883288e+50	13.0429449741 
1502.0	3.8980495809e+50	13.0427300582 
1503.0	3.89113793232e+50	13.0318204293 
1504.0	3.87085991683e+50	13.045079239 
1505.0	3.79198863866e+50	13.0182530089 
1506.0	3.7773926294e+50	13.0079830852 
1507.0	3.74492891708e+50	12.9635587641 
1508.0	3.73549095772e+50	12.9457957082 
1509.0	3.75773091298e+50	12.9550047009 
1510.0	3.79466443078e+50	12.9762591102 
1511.0	3.81536178022e+50	13.0270571108 
1512.0	3.71894276629e+50	12.9268797661 
1513.0	3.70663135324e+50	12.8976046696 
1514.0	3.68931223068e+50	12.8661073848 
1515.0	3.67548873423e+50	12.8477127479 
1516.0	3.70862217168e+50	12.850402714 
1517.0	3.67710753534e+50	12.8233759923 
1518.0	3.65599402359e+50	12.8028970178 
1519.0	3.66274692866e+50	12.7899253307 
1520.0	3.6529695698e+50	12.7732380955 
1521.0	3.66808259578e+50	12.7938832019 
1522.0	3.62415926362e+50	12.7490237011 
1523.0	3.64181033542e+50	12.7664656224 
1524.0	3.61712894607e+50	12.7274152861 
1525.0	3.51065400819e+50	12.616243262 
1526.0	3.49194610885e+50	12.6300056541 
1527.0	3.48377242448e+50	12.6259587337 
1528.0	3.47244221088e+50	12.6109373514 
1529.0	3.49965245971e+50	12.6270405271 
1530.0	3.49929931536e+50	12.6334416563 
1531.0	3.50846696742e+50	12.6278385653 
1532.0	3.47696829898e+50	12.5910494186 
1533.0	3.46503611718e+50	12.5700987106 
1534.0	3.44670814037e+50	12.5625154651 
1535.0	3.42362852083e+50	12.5675807782 
1536.0	3.3761501669e+50	12.5054694741 
1537.0	3.35209168873e+50	12.4969614319 
1538.0	3.33955747885e+50	12.4908665239 
1539.0	3.332284111e+50	12.5006428062 
1540.0	3.3443291081e+50	12.5057841263 
1541.0	3.34536469878e+50	12.5084736619 
1542.0	3.35058235687e+50	12.5174795922 
1543.0	3.37181241809e+50	12.5442711571 
1544.0	3.35861122296e+50	12.547714244 
1545.0	3.29969046318e+50	12.4833289289 
1546.0	3.27995147417e+50	12.4709352278 
1547.0	3.26958035282e+50	12.4604987508 
1548.0	3.28664473108e+50	12.4699025561 
1549.0	3.28206194775e+50	12.4751697208 
1550.0	3.3055548316e+50	12.472337112 
1551.0	3.29691142937e+50	12.4802313922 
1552.0	3.24270202782e+50	12.3987763248 
1553.0	3.24993715914e+50	12.4124767965 
1554.0	3.19404346111e+50	12.3686480207 
1555.0	3.18336979618e+50	12.3859635459 
1556.0	3.18173136451e+50	12.3579047263 
1557.0	3.15744573623e+50	12.3297738586 
1558.0	3.14780428593e+50	12.3145236004 
1559.0	3.15075802099e+50	12.3092003778 
1560.0	3.1703462456e+50	12.3269382251 
1561.0	3.18227550552e+50	12.356565841 
1562.0	3.16784962994e+50	12.3636662875 
1563.0	3.18021818773e+50	12.353780893 
1564.0	3.11293865295e+50	12.2594320613 
1565.0	3.08904488329e+50	12.2437223125 
1566.0	3.08015374656e+50	12.231956177 
1567.0	3.07195101721e+50	12.2362263126 
1568.0	3.0768008657e+50	12.2647968135 
1569.0	3.06906882935e+50	12.2531024925 
1570.0	3.0734669217e+50	12.2586697253 
1571.0	3.11394468935e+50	12.2986535963 
1572.0	3.11730333488e+50	12.2803236923 
1573.0	3.11171470114e+50	12.2824136972 
1574.0	3.08502529967e+50	12.2586263848 
1575.0	3.11607753701e+50	12.2766057651 
1576.0	3.10013388698e+50	12.2873153231 
1577.0	3.08920387797e+50	12.2822064088 
1578.0	3.05217379573e+50	12.2594199835 
1579.0	3.03545738861e+50	12.2635646698 
1580.0	2.99084635147e+50	12.2144112782 
1581.0	3.02565142729e+50	12.2187102236 
1582.0	3.03061284536e+50	12.2447931747 
1583.0	3.0373268334e+50	12.2235128627 
1584.0	3.0391980532e+50	12.2400861632 
1585.0	3.04651309486e+50	12.241587351 
1586.0	3.03518479088e+50	12.2214146983 
1587.0	3.00614631429e+50	12.214211532 
1588.0	2.95124016433e+50	12.1257927335 
1589.0	2.93329708549e+50	12.1368690036 
1590.0	2.91889749818e+50	12.0981897004 
1591.0	2.90829443494e+50	12.0800199977 
1592.0	2.93446082411e+50	12.0794607398 
1593.0	2.92177717484e+50	12.0664164365 
1594.0	2.95509230913e+50	12.0890154659 
1595.0	2.95514061193e+50	12.0909526211 
1596.0	2.94437739299e+50	12.0669258277 
1597.0	2.93873004195e+50	12.0649181791 
1598.0	2.91959470382e+50	12.0346211468 
1599.0	2.89768657868e+50	12.0333023733 
1600.0	2.9757381918e+50	12.1340031031 
1601.0	2.93122741152e+50	12.0753519352 
1602.0	2.87466675683e+50	12.0576547591 
1603.0	2.87205820069e+50	12.0221559021 
1604.0	2.86049716757e+50	12.0305390937 
1605.0	2.87739933844e+50	12.0330943985 
1606.0	2.87771890048e+50	12.0199340796 
1607.0	2.87374849569e+50	12.02751253 
1608.0	2.88119432476e+50	12.0313632255 
1609.0	2.86836588585e+50	12.0402818639 
1610.0	2.8875895065e+50	12.0438122294 
1611.0	2.83618254131e+50	12.0143276097 
1612.0	2.84114755506e+50	12.0320226874 
1613.0	2.85692789136e+50	12.0443474614 
1614.0	2.84926130152e+50	12.0368764354 
1615.0	2.85016653332e+50	12.0338283091 
1616.0	2.83233624825e+50	12.0079304575 
1617.0	2.95137789552e+50	12.096765457 
1618.0	2.85109376039e+50	12.0254360201 
1619.0	2.82751545147e+50	11.9992390223 
1620.0	2.84718567415e+50	11.9959970823 
1621.0	2.86300798853e+50	12.0134765004 
1622.0	2.85825735289e+50	12.0087986008 
1623.0	2.85568693672e+50	12.0038928122 
1624.0	2.8455316226e+50	11.9911975956 
1625.0	2.81537398222e+50	11.9859095389 
1626.0	2.83850391864e+50	11.9800315658 
1627.0	2.7798056859e+50	11.9439931475 
1628.0	2.7571977267e+50	11.9493745424 
1629.0	2.7549300635e+50	11.9324365238 
1630.0	2.8697473771e+50	12.0199359948 
1631.0	2.80388313142e+50	11.9650736667 
1632.0	2.76520210452e+50	11.959468724 
1633.0	2.85726395345e+50	11.9758266032 
1634.0	2.8250141085e+50	11.9363380713 
1635.0	2.71830605733e+50	11.8917752837 
1636.0	2.69333791934e+50	11.8578937216 
1637.0	2.70613201173e+50	11.8525059092 
1638.0	2.69423660386e+50	11.8381731615 
1639.0	2.70030263996e+50	11.8325696681 
1640.0	2.68670217083e+50	11.8191512037 
1641.0	2.65933810051e+50	11.8299121969 
1642.0	2.65337133704e+50	11.83000666 
1643.0	2.65042694478e+50	11.8314443641 
1644.0	2.65857017437e+50	11.8390011691 
1645.0	2.72164558659e+50	11.845681579 
1646.0	2.73404975219e+50	11.8793558674 
1647.0	2.68856402564e+50	11.849729403 
1648.0	2.65037806319e+50	11.8261739312 
1649.0	2.67425572697e+50	11.8085356397 
1650.0	2.64762082336e+50	11.7811491012 
1651.0	2.65310791498e+50	11.7885240805 
1652.0	2.62305950058e+50	11.7805280807 
1653.0	2.61489991611e+50	11.7726605016 
1654.0	2.60276209439e+50	11.7659985385 
1655.0	2.59568090038e+50	11.7425229869 
1656.0	2.58719649331e+50	11.7324203793 
1657.0	2.57562809203e+50	11.7168698399 
1658.0	2.58489507532e+50	11.726461501 
1659.0	2.56983599121e+50	11.693675656 
1660.0	2.57740044185e+50	11.7140337876 
1661.0	2.60395274166e+50	11.7330683968 
1662.0	2.58825306065e+50	11.6949940955 
1663.0	2.58382961728e+50	11.6904997591 
1664.0	2.56436614881e+50	11.669127458 
1665.0	2.62759829387e+50	11.7479629555 
1666.0	2.58266263147e+50	11.673157618 
1667.0	2.56780181517e+50	11.6545044566 
1668.0	2.54324973386e+50	11.6290754555 
1669.0	2.52692692022e+50	11.6109731806 
1670.0	2.51584941461e+50	11.5985476683 
1671.0	2.49647909021e+50	11.5647837985 
1672.0	2.48168679102e+50	11.5604949257 
1673.0	2.49174863227e+50	11.5578519732 
1674.0	2.50782303976e+50	11.5453225287 
1675.0	2.47858649657e+50	11.5109067498 
1676.0	2.4757656859e+50	11.4952699134 
1677.0	2.49367606441e+50	11.5171985553 
1678.0	2.50326284543e+50	11.5109644265 
1679.0	2.48709705506e+50	11.5109693434 
1680.0	2.59641853599e+50	11.6116922917 
1681.0	2.51099164301e+50	11.5050857753 
1682.0	2.58900554029e+50	11.5915050353 
1683.0	2.50994220716e+50	11.5257758015 
1684.0	2.46667873883e+50	11.4754678714 
1685.0	2.4570085515e+50	11.4885203298 
1686.0	2.45411671077e+50	11.4698354278 
1687.0	2.42751785006e+50	11.4456369295 
1688.0	2.43506528828e+50	11.4481916356 
1689.0	2.43030634905e+50	11.4327354238 
1690.0	2.44001835945e+50	11.4368180074 
1691.0	2.5301518108e+50	11.4965274575 
1692.0	2.55317917496e+50	11.4935105258 
1693.0	2.53963579738e+50	11.4968810817 
1694.0	2.52788545973e+50	11.508731602 
1695.0	2.41772239263e+50	11.4148369442 
1696.0	2.41363905989e+50	11.4007566814 
1697.0	2.39264430932e+50	11.4033262656 
1698.0	2.36393285396e+50	11.3869358333 
1699.0	2.35887194458e+50	11.3827079798 
1700.0	2.35650602391e+50	11.3735884034 
1701.0	2.35501999948e+50	11.367088429 
1702.0	2.36701898377e+50	11.3662783174 
1703.0	2.34768964589e+50	11.3571448066 
