-100.0	0.0	nan 
-99.0	0.0	nan 
-98.0	0.0	nan 
-97.0	0.0	nan 
-96.0	0.0	nan 
-95.0	0.0	nan 
-94.0	0.0	nan 
-93.0	0.0	nan 
-92.0	0.0	nan 
-91.0	0.0	nan 
-90.0	0.0	nan 
-89.0	0.0	nan 
-88.0	0.0	nan 
-87.0	0.0	nan 
-86.0	0.0	nan 
-85.0	0.0	nan 
-84.0	0.0	nan 
-83.0	0.0	nan 
-82.0	0.0	nan 
-81.0	0.0	nan 
-80.0	0.0	nan 
-79.0	0.0	nan 
-78.0	0.0	nan 
-77.0	0.0	nan 
-76.0	0.0	nan 
-75.0	0.0	nan 
-74.0	0.0	nan 
-73.0	0.0	nan 
-72.0	0.0	nan 
-71.0	0.0	nan 
-70.0	0.0	nan 
-69.0	0.0	nan 
-68.0	0.0	nan 
-67.0	0.0	nan 
-66.0	0.0	nan 
-65.0	0.0	nan 
-64.0	0.0	nan 
-63.0	0.0	nan 
-62.0	0.0	nan 
-61.0	0.0	nan 
-60.0	0.0	nan 
-59.0	0.0	nan 
-58.0	0.0	nan 
-57.0	0.0	nan 
-56.0	0.0	nan 
-55.0	0.0	nan 
-54.0	0.0	nan 
-53.0	0.0	nan 
-52.0	0.0	nan 
-51.0	0.0	nan 
-50.0	0.0	nan 
-49.0	0.0	nan 
-48.0	0.0	nan 
-47.0	0.0	nan 
-46.0	0.0	nan 
-45.0	0.0	nan 
-44.0	0.0	nan 
-43.0	0.0	nan 
-42.0	0.0	nan 
-41.0	0.0	nan 
-40.0	0.0	nan 
-39.0	0.0	nan 
-38.0	0.0	nan 
-37.0	0.0	nan 
-36.0	0.0	nan 
-35.0	0.0	nan 
-34.0	0.0	nan 
-33.0	0.0	nan 
-32.0	0.0	nan 
-31.0	0.0	nan 
-30.0	0.0	nan 
-29.0	0.0	nan 
-28.0	0.0	nan 
-27.0	0.0	nan 
-26.0	0.0	nan 
-25.0	0.0	nan 
-24.0	0.0	nan 
-23.0	0.0	nan 
-22.0	0.0	nan 
-21.0	0.0	nan 
-20.0	0.0	nan 
-19.0	0.0	nan 
-18.0	0.0	nan 
-17.0	0.0	nan 
-16.0	0.0	nan 
-15.0	0.0	nan 
-14.0	0.0	nan 
-13.0	0.0	nan 
-12.0	0.0	nan 
-11.0	0.0	nan 
-10.0	0.0	nan 
-9.0	0.0	nan 
-8.0	0.0	nan 
-7.0	0.0	nan 
-6.0	0.0	nan 
-5.0	0.0	nan 
-4.0	0.0	nan 
-3.0	0.0	nan 
-2.0	0.0	nan 
-1.0	0.0	nan 
0.0	0.0	nan 
1.0	0.0	nan 
2.0	0.0	nan 
3.0	0.0	nan 
4.0	0.0	nan 
5.0	0.0	nan 
6.0	0.0	nan 
7.0	0.0	nan 
8.0	0.0	nan 
9.0	0.0	nan 
10.0	0.0	nan 
11.0	0.0	nan 
12.0	0.0	nan 
13.0	0.0	nan 
14.0	0.0	nan 
15.0	0.0	nan 
16.0	0.0	nan 
17.0	0.0	nan 
18.0	0.0	nan 
19.0	0.0	nan 
20.0	0.0	nan 
21.0	0.0	nan 
22.0	0.0	nan 
23.0	0.0	nan 
24.0	0.0	nan 
25.0	0.0	nan 
26.0	0.0	nan 
27.0	0.0	nan 
28.0	0.0	nan 
29.0	0.0	nan 
30.0	0.0	nan 
31.0	0.0	nan 
32.0	0.0	nan 
33.0	0.0	nan 
34.0	0.0	nan 
35.0	0.0	nan 
36.0	0.0	nan 
37.0	0.0	nan 
38.0	0.0	nan 
39.0	0.0	nan 
40.0	0.0	nan 
41.0	0.0	nan 
42.0	0.0	nan 
43.0	0.0	nan 
44.0	0.0	nan 
45.0	0.0	nan 
46.0	0.0	nan 
47.0	0.0	nan 
48.0	0.0	nan 
49.0	0.0	nan 
50.0	0.0	nan 
51.0	0.0	nan 
52.0	0.0	nan 
53.0	0.0	nan 
54.0	0.0	nan 
55.0	0.0	nan 
56.0	0.0	nan 
57.0	0.0	nan 
58.0	0.0	nan 
59.0	0.0	nan 
60.0	0.0	nan 
61.0	0.0	nan 
62.0	0.0	nan 
63.0	0.0	nan 
64.0	0.0	nan 
65.0	0.0	nan 
66.0	0.0	nan 
67.0	0.0	nan 
68.0	0.0	nan 
69.0	0.0	nan 
70.0	0.0	nan 
71.0	0.0	nan 
72.0	0.0	nan 
73.0	0.0	nan 
74.0	0.0	nan 
75.0	0.0	nan 
76.0	0.0	nan 
77.0	0.0	nan 
78.0	0.0	nan 
79.0	0.0	nan 
80.0	0.0	nan 
81.0	0.0	nan 
82.0	0.0	nan 
83.0	0.0	nan 
84.0	0.0	nan 
85.0	0.0	nan 
86.0	0.0	nan 
87.0	0.0	nan 
88.0	0.0	nan 
89.0	0.0	nan 
90.0	0.0	nan 
91.0	0.0	nan 
92.0	0.0	nan 
93.0	0.0	nan 
94.0	0.0	nan 
95.0	0.0	nan 
96.0	0.0	nan 
97.0	0.0	nan 
98.0	0.0	nan 
99.0	0.0	nan 
100.0	0.0	nan 
101.0	0.0	nan 
102.0	0.0	nan 
103.0	0.0	nan 
104.0	0.0	nan 
105.0	0.0	nan 
106.0	0.0	nan 
107.0	0.0	nan 
108.0	0.0	nan 
109.0	0.0	nan 
110.0	0.0	nan 
111.0	0.0	nan 
112.0	0.0	nan 
113.0	0.0	nan 
114.0	0.0	nan 
115.0	0.0	nan 
116.0	0.0	nan 
117.0	0.0	nan 
118.0	0.0	nan 
119.0	0.0	nan 
120.0	0.0	nan 
121.0	0.0	nan 
122.0	0.0	nan 
123.0	0.0	nan 
124.0	0.0	nan 
125.0	0.0	nan 
126.0	0.0	nan 
127.0	0.0	nan 
128.0	0.0	nan 
129.0	0.0	nan 
130.0	0.0	nan 
131.0	0.0	nan 
132.0	0.0	nan 
133.0	0.0	nan 
134.0	0.0	nan 
135.0	0.0	nan 
136.0	0.0	nan 
137.0	0.0	nan 
138.0	0.0	nan 
139.0	0.0	nan 
140.0	0.0	nan 
141.0	0.0	nan 
142.0	0.0	nan 
143.0	0.0	nan 
144.0	0.0	nan 
145.0	0.0	nan 
146.0	0.0	nan 
147.0	0.0	nan 
148.0	0.0	nan 
149.0	0.0	nan 
150.0	0.0	nan 
151.0	0.0	nan 
152.0	0.0	nan 
153.0	0.0	nan 
154.0	0.0	nan 
155.0	0.0	nan 
156.0	0.0	nan 
157.0	0.0	nan 
158.0	0.0	nan 
159.0	0.0	nan 
160.0	0.0	nan 
161.0	0.0	nan 
162.0	0.0	nan 
163.0	0.0	nan 
164.0	0.0	nan 
165.0	0.0	nan 
166.0	0.0	nan 
167.0	0.0	nan 
168.0	0.0	nan 
169.0	0.0	nan 
170.0	0.0	nan 
171.0	0.0	nan 
172.0	0.0	nan 
173.0	0.0	nan 
174.0	0.0	nan 
175.0	0.0	nan 
176.0	0.0	nan 
177.0	0.0	nan 
178.0	0.0	nan 
179.0	0.0	nan 
180.0	0.0	nan 
181.0	0.0	nan 
182.0	0.0	nan 
183.0	0.0	nan 
184.0	0.0	nan 
185.0	0.0	nan 
186.0	0.0	nan 
187.0	0.0	nan 
188.0	0.0	nan 
189.0	0.0	nan 
190.0	0.0	nan 
191.0	0.0	nan 
192.0	0.0	nan 
193.0	0.0	nan 
194.0	0.0	nan 
195.0	0.0	nan 
196.0	0.0	nan 
197.0	0.0	nan 
198.0	0.0	nan 
199.0	0.0	nan 
200.0	0.0	nan 
201.0	0.0	nan 
202.0	0.0	nan 
203.0	0.0	nan 
204.0	0.0	nan 
205.0	0.0	nan 
206.0	0.0	nan 
207.0	0.0	nan 
208.0	0.0	nan 
209.0	0.0	nan 
210.0	0.0	nan 
211.0	0.0	nan 
212.0	0.0	nan 
213.0	0.0	nan 
214.0	0.0	nan 
215.0	0.0	nan 
216.0	0.0	nan 
217.0	0.0	nan 
218.0	0.0	nan 
219.0	0.0	nan 
220.0	0.0	nan 
221.0	0.0	nan 
222.0	0.0	nan 
223.0	0.0	nan 
224.0	0.0	nan 
225.0	0.0	nan 
226.0	0.0	nan 
227.0	0.0	nan 
228.0	0.0	nan 
229.0	0.0	nan 
230.0	0.0	nan 
231.0	0.0	nan 
232.0	0.0	nan 
233.0	0.0	nan 
234.0	0.0	nan 
235.0	0.0	nan 
236.0	0.0	nan 
237.0	0.0	nan 
238.0	0.0	nan 
239.0	0.0	nan 
240.0	0.0	nan 
241.0	0.0	nan 
242.0	0.0	nan 
243.0	0.0	nan 
244.0	0.0	nan 
245.0	0.0	nan 
246.0	0.0	nan 
247.0	0.0	nan 
248.0	0.0	nan 
249.0	0.0	nan 
250.0	0.0	nan 
251.0	0.0	nan 
252.0	0.0	nan 
253.0	0.0	nan 
254.0	0.0	nan 
255.0	0.0	nan 
256.0	0.0	nan 
257.0	0.0	nan 
258.0	0.0	nan 
259.0	0.0	nan 
260.0	0.0	nan 
261.0	0.0	nan 
262.0	0.0	nan 
263.0	0.0	nan 
264.0	0.0	nan 
265.0	0.0	nan 
266.0	0.0	nan 
267.0	0.0	nan 
268.0	0.0	nan 
269.0	0.0	nan 
270.0	0.0	nan 
271.0	0.0	nan 
272.0	0.0	nan 
273.0	0.0	nan 
274.0	0.0	nan 
275.0	0.0	nan 
276.0	0.0	nan 
277.0	0.0	nan 
278.0	0.0	nan 
279.0	0.0	nan 
280.0	0.0	nan 
281.0	0.0	nan 
282.0	0.0	nan 
283.0	0.0	nan 
284.0	0.0	nan 
285.0	0.0	nan 
286.0	0.0	nan 
287.0	0.0	nan 
288.0	0.0	nan 
289.0	0.0	nan 
290.0	0.0	nan 
291.0	0.0	nan 
292.0	0.0	nan 
293.0	0.0	nan 
294.0	0.0	nan 
295.0	0.0	nan 
296.0	0.0	nan 
297.0	0.0	nan 
298.0	0.0	nan 
299.0	0.0	nan 
300.0	0.0	nan 
301.0	0.0	nan 
302.0	0.0	nan 
303.0	0.0	nan 
304.0	0.0	nan 
305.0	0.0	nan 
306.0	0.0	nan 
307.0	0.0	nan 
308.0	0.0	nan 
309.0	0.0	nan 
310.0	0.0	nan 
311.0	0.0	nan 
312.0	0.0	nan 
313.0	0.0	nan 
314.0	0.0	nan 
315.0	0.0	nan 
316.0	0.0	nan 
317.0	0.0	nan 
318.0	0.0	nan 
319.0	0.0	nan 
320.0	0.0	nan 
321.0	0.0	nan 
322.0	0.0	nan 
323.0	0.0	nan 
324.0	0.0	nan 
325.0	0.0	nan 
326.0	0.0	nan 
327.0	0.0	nan 
328.0	0.0	nan 
329.0	0.0	nan 
330.0	0.0	nan 
331.0	0.0	nan 
332.0	0.0	nan 
333.0	0.0	nan 
334.0	0.0	nan 
335.0	0.0	nan 
336.0	0.0	nan 
337.0	0.0	nan 
338.0	0.0	nan 
339.0	0.0	nan 
340.0	0.0	nan 
341.0	0.0	nan 
342.0	0.0	nan 
343.0	0.0	nan 
344.0	0.0	nan 
345.0	0.0	nan 
346.0	0.0	nan 
347.0	0.0	nan 
348.0	0.0	nan 
349.0	0.0	nan 
350.0	0.0	nan 
351.0	0.0	nan 
352.0	0.0	nan 
353.0	0.0	nan 
354.0	0.0	nan 
355.0	0.0	nan 
356.0	0.0	nan 
357.0	0.0	nan 
358.0	7.46712143747e+48	9.84986212234 
359.0	0.0	nan 
360.0	8.33534603389e+48	10.0537736702 
361.0	2.45328785296e+49	12.1758935568 
362.0	1.66346242527e+49	12.8274336303 
363.0	7.12766095099e+48	14.665126536 
364.0	6.7015606714e+48	15.2180017639 
365.0	6.80345886289e+48	14.925390363 
366.0	5.15319263256e+48	15.0408496219 
367.0	4.05868375703e+48	15.0690298596 
368.0	3.02437763768e+48	14.944339291 
369.0	2.01173153648e+48	14.562951156 
370.0	7.66420441323e+48	10.6130131428 
371.0	1.59517471227e+49	11.1175854692 
372.0	2.10607952108e+49	12.8429575408 
373.0	1.65355006046e+49	13.6317211851 
374.0	1.23672094985e+49	16.0124250495 
375.0	1.58999608291e+49	16.6807042815 
376.0	1.78389472678e+49	17.3808363945 
377.0	1.91274898183e+49	17.7152547226 
378.0	1.94889235653e+49	18.1587779378 
379.0	1.88332510592e+49	18.6740929968 
380.0	1.69798334977e+49	18.9337441505 
381.0	3.54806611453e+49	17.3614553692 
382.0	3.26162832462e+49	17.2515687128 
383.0	2.87441647356e+49	17.9035089447 
384.0	2.61201202168e+49	18.2153204927 
385.0	2.43897685307e+49	18.1328047246 
386.0	2.10159397789e+49	18.3298086955 
387.0	1.96893781644e+49	18.36092671 
388.0	1.66997955924e+49	19.1338662775 
389.0	1.53064935921e+49	18.8377812886 
390.0	1.42001885489e+49	18.4360780578 
391.0	1.16608493554e+49	18.3818266111 
392.0	1.1427057467e+49	17.7884723686 
393.0	1.10014911702e+49	17.553049994 
394.0	1.14189185929e+49	18.4937250357 
395.0	9.79925720577e+48	18.8401351155 
396.0	7.44632440311e+48	17.8791675375 
397.0	8.96174083098e+48	18.3317295381 
398.0	1.54826339524e+49	18.2589818313 
399.0	2.40677088714e+49	18.5836801207 
400.0	2.68197089959e+49	19.1920847982 
401.0	3.41080943066e+49	19.4352923392 
402.0	3.70840240378e+49	19.3068188694 
403.0	2.91942646713e+49	19.1157203784 
404.0	2.46566563458e+49	18.9906618226 
405.0	2.6879444178e+49	19.0725009353 
406.0	2.57769235392e+49	19.2582517024 
407.0	2.48596282444e+49	19.1112999708 
408.0	2.85698927505e+49	19.8685542366 
409.0	2.92783465382e+49	19.7325755137 
410.0	2.78259384508e+49	19.6202986941 
411.0	2.70328492262e+49	19.6195756242 
412.0	2.69799053329e+49	19.1297488583 
413.0	2.47074345819e+49	18.6213441577 
414.0	2.23725954451e+49	17.9974834128 
415.0	1.99924378699e+49	17.4841110205 
416.0	2.01692860932e+49	16.7949067121 
417.0	1.97514417266e+49	16.6685530929 
418.0	1.52637324808e+49	16.1604070599 
419.0	1.41045038262e+49	16.4084208416 
420.0	1.67465438207e+49	16.9704173266 
421.0	1.77544628437e+49	18.1975267612 
422.0	1.59308075569e+49	17.1318768718 
423.0	1.46859651685e+49	16.2411865835 
424.0	1.60662033721e+49	17.0461644647 
425.0	2.42544663489e+49	18.9234381554 
426.0	3.54057588849e+49	20.0660789163 
427.0	3.29964660788e+49	19.4812126709 
428.0	3.50465111738e+49	19.0133642944 
429.0	3.23426836913e+49	19.0663171667 
430.0	2.63747482603e+49	17.9435975449 
431.0	2.40531738745e+49	17.0142036436 
432.0	2.1576149858e+49	16.9830638322 
433.0	1.9986362086e+49	16.4784907604 
434.0	2.20617334663e+49	16.5124683689 
435.0	2.95235837329e+49	17.7695878217 
436.0	4.09898303374e+49	18.7437201443 
437.0	6.30211193327e+49	20.3110245876 
438.0	9.02941505813e+49	21.434813646 
439.0	1.11875497506e+50	21.3975200342 
440.0	1.18253989332e+50	21.1555707419 
441.0	1.3494490381e+50	21.3439726055 
442.0	1.40559249546e+50	21.1491349409 
443.0	1.35435103438e+50	20.7440938946 
444.0	1.27240321867e+50	20.3652577873 
445.0	1.13131325293e+50	19.9889583991 
446.0	1.03308401286e+50	19.8028019498 
447.0	9.47798551302e+49	19.6152733656 
448.0	8.68837594991e+49	19.1966732597 
449.0	8.24750526378e+49	19.1999066809 
450.0	9.24298691778e+49	20.2185282737 
451.0	1.11045798984e+50	21.0598696915 
452.0	1.16626771992e+50	21.2060884406 
453.0	1.14011935501e+50	20.8876005963 
454.0	1.14640367198e+50	20.547266681 
455.0	1.17578452549e+50	20.4774604945 
456.0	1.20729242563e+50	20.3381707583 
457.0	1.25041586534e+50	20.3006436322 
458.0	1.32648954029e+50	20.2746193745 
459.0	1.41110071379e+50	20.295349344 
460.0	1.51298165652e+50	20.3847418268 
461.0	1.60695936211e+50	20.4217759952 
462.0	1.66912017757e+50	20.4689741794 
463.0	1.76229361212e+50	20.3620334883 
464.0	1.78292754081e+50	20.2548478234 
465.0	1.8009422652e+50	20.0998237724 
466.0	1.80073474829e+50	20.017725751 
467.0	1.76233030475e+50	19.9612009393 
468.0	1.72851462006e+50	19.8125853985 
469.0	1.67052767561e+50	19.7452079002 
470.0	1.586462095e+50	19.7795346765 
471.0	1.53471309798e+50	19.6899709255 
472.0	1.46660656093e+50	19.810743262 
473.0	1.46315152566e+50	19.9042682425 
474.0	1.52765901693e+50	20.0477768764 
475.0	1.58791259059e+50	20.4718398673 
476.0	1.76147992252e+50	20.6189775183 
477.0	1.91035870993e+50	20.8446289679 
478.0	2.08286081417e+50	20.9340847952 
479.0	2.21019115986e+50	21.1813021384 
480.0	2.39266042467e+50	21.2768450443 
481.0	2.5992232001e+50	21.2288342662 
482.0	2.99484937277e+50	21.1285313023 
483.0	3.46378910795e+50	21.4369320725 
484.0	4.04939260328e+50	21.8586130367 
485.0	4.98892597028e+50	22.5543667099 
486.0	6.05989961827e+50	23.660441729 
487.0	6.94525656411e+50	24.6804067322 
488.0	7.88821238674e+50	25.8018694098 
489.0	7.186034973e+50	25.150213446 
490.0	6.38185440783e+50	24.3573260785 
491.0	5.98542433248e+50	24.035629921 
492.0	6.02066796098e+50	23.915329254 
493.0	6.57952484694e+50	24.2906910708 
494.0	7.96933548162e+50	25.4282703754 
495.0	8.74006078854e+50	25.9516951876 
496.0	1.05741532438e+51	27.63751457 
497.0	1.23860590482e+51	29.0309530805 
498.0	1.25080711362e+51	29.1500079606 
499.0	1.18867639447e+51	29.0069118311 
500.0	1.1270533393e+51	28.8490404821 
501.0	1.18183473517e+51	29.3601337492 
502.0	1.28144483759e+51	30.2530246053 
503.0	1.41239509675e+51	31.0185706404 
504.0	1.45388891267e+51	30.8563723647 
505.0	1.47624266143e+51	30.6848216739 
506.0	1.49421868333e+51	30.6338795547 
507.0	1.46343275498e+51	30.2926697636 
508.0	1.41691867196e+51	29.9809886556 
509.0	1.37115249685e+51	29.6337448898 
510.0	1.33634655237e+51	29.4833070882 
511.0	1.29259543135e+51	29.355937737 
512.0	1.24081595979e+51	29.2441142248 
513.0	1.20450086528e+51	29.133694248 
514.0	1.12310356266e+51	28.658602278 
515.0	1.13802290947e+51	28.5200249597 
516.0	1.08768127745e+51	28.2333319052 
517.0	1.04835967751e+51	28.0093393312 
518.0	1.10633464365e+51	27.9108358888 
519.0	1.23752802079e+51	28.0492647559 
520.0	1.24224948177e+51	27.9537497147 
521.0	1.23863234756e+51	27.6544767931 
522.0	1.28817746967e+51	27.7254290448 
523.0	1.26705347247e+51	27.6323489184 
524.0	1.34317632978e+51	27.467202504 
525.0	1.38492683536e+51	27.5915280695 
526.0	1.46282388053e+51	27.7187464955 
527.0	1.42375174666e+51	27.5100698413 
528.0	1.63388256266e+51	28.0733121645 
529.0	1.67789861665e+51	28.3428114823 
530.0	1.72357299917e+51	28.6077385844 
531.0	1.70290551388e+51	28.4922240725 
532.0	1.66723348959e+51	28.207513723 
533.0	1.81931863933e+51	28.6556894588 
534.0	1.91381568742e+51	28.7818783825 
535.0	1.94134302687e+51	28.5784355981 
536.0	2.17425676681e+51	28.9906790275 
537.0	2.38050632287e+51	29.2789390901 
538.0	2.68341603772e+51	30.1931742672 
539.0	2.76350481571e+51	30.6972594572 
540.0	2.26807209663e+51	29.4514653919 
541.0	2.38765250316e+51	29.7952042418 
542.0	2.40090181588e+51	29.8877982639 
543.0	2.52632602983e+51	30.4071629704 
544.0	2.39742804979e+51	30.0637260545 
545.0	2.37781485319e+51	29.6660748111 
546.0	2.46311816266e+51	29.9809267672 
547.0	2.47597510461e+51	29.835691706 
548.0	2.50638266718e+51	29.8721232731 
549.0	2.55784801688e+51	29.9884473706 
550.0	2.58219569223e+51	30.033009725 
551.0	2.54722508025e+51	29.8579125538 
552.0	2.49534757466e+51	29.287176568 
553.0	2.59273545713e+51	29.7149369606 
554.0	2.46904174063e+51	29.5104628149 
555.0	2.11056851542e+51	28.7487729051 
556.0	1.96200924737e+51	27.7352930004 
557.0	2.29262944135e+51	28.348941057 
558.0	2.49268658533e+51	28.6091697138 
559.0	2.27020359489e+51	28.8444273893 
560.0	2.17173795996e+51	28.6491966562 
561.0	2.22676891003e+51	28.7073920711 
562.0	2.26470338331e+51	29.0860276326 
563.0	2.25704496543e+51	29.3746841107 
564.0	2.25498603216e+51	29.4692908171 
565.0	2.26767563366e+51	29.5944980993 
566.0	2.26389334245e+51	29.5236510054 
567.0	2.24633164405e+51	29.308153077 
568.0	2.21465816101e+51	29.0394374349 
569.0	2.18391705519e+51	28.9151215526 
570.0	2.14344339445e+51	28.8310502322 
571.0	2.12261375746e+51	28.6923278145 
572.0	2.12685850603e+51	28.6558942569 
573.0	2.1053483041e+51	28.5308471828 
574.0	2.09028946655e+51	28.398288605 
575.0	2.07782786279e+51	28.3934688517 
576.0	2.10491380196e+51	28.4642260271 
577.0	1.97699553402e+51	27.9463104456 
578.0	1.96076566267e+51	27.492148864 
579.0	2.0411927411e+51	27.4222023506 
580.0	2.07224596428e+51	27.6513560856 
581.0	2.07000691613e+51	27.7736092786 
582.0	2.00945026052e+51	27.7054839481 
583.0	1.954305078e+51	27.6633388232 
584.0	1.90691272246e+51	27.6824024843 
585.0	1.87779639295e+51	27.6496033715 
586.0	1.85369598849e+51	27.6544786375 
587.0	1.83390016513e+51	27.6557941751 
588.0	1.81977210863e+51	27.6227419961 
589.0	1.80366596426e+51	27.6181377986 
590.0	1.79401566068e+51	27.5804389577 
591.0	1.7872425347e+51	27.5488718887 
592.0	1.78203420654e+51	27.5262151706 
593.0	1.78038473336e+51	27.5001448995 
594.0	1.77630682931e+51	27.4798856517 
595.0	1.77262588906e+51	27.4460476298 
596.0	1.76560677563e+51	27.4222254847 
597.0	1.75546297526e+51	27.3913244366 
598.0	1.74485353353e+51	27.332505137 
599.0	1.7399758976e+51	27.2783229478 
600.0	1.73142813951e+51	27.243854678 
601.0	1.72157825447e+51	27.1998103705 
602.0	1.71619416608e+51	27.1389538202 
603.0	1.71297234662e+51	27.0577720708 
604.0	1.70566742371e+51	27.0027089785 
605.0	1.69380712584e+51	26.9623280382 
606.0	1.68447049326e+51	26.9479622819 
607.0	1.67809172985e+51	26.9601519902 
608.0	1.67974646599e+51	26.9839219082 
609.0	1.67246268159e+51	26.9992757592 
610.0	1.66708526747e+51	26.9855645211 
611.0	1.6568426802e+51	26.9591816839 
612.0	1.64644618714e+51	26.9472297519 
613.0	1.64057990147e+51	26.9253968266 
614.0	1.63756276141e+51	26.9074952113 
615.0	1.63764369336e+51	26.8940847476 
616.0	1.63399826498e+51	26.8077445695 
617.0	1.64629703041e+51	26.7094055326 
618.0	1.64678751915e+51	26.5846388562 
619.0	1.6466724525e+51	26.4533909718 
620.0	1.65445312374e+51	26.3076152035 
621.0	1.65369593584e+51	26.1936332079 
622.0	1.65400298144e+51	26.0835859281 
623.0	1.6493559389e+51	25.9810534739 
624.0	1.64564766696e+51	25.8494078469 
625.0	1.63375436941e+51	25.749244739 
626.0	1.61988561656e+51	25.6204556379 
627.0	1.59673137994e+51	25.494903161 
628.0	1.58057064831e+51	25.3521250103 
629.0	1.56680216315e+51	25.250244346 
630.0	1.56193925526e+51	25.1528001766 
631.0	1.55971145318e+51	25.1055596573 
632.0	1.54923001124e+51	25.0480547031 
633.0	1.53795053405e+51	24.9683169702 
634.0	1.52000577335e+51	24.8669481794 
635.0	1.50845410555e+51	24.7394134058 
636.0	1.50034968281e+51	24.7081569583 
637.0	1.49034859048e+51	24.717793372 
638.0	1.48007124264e+51	24.779762967 
639.0	1.47029609666e+51	24.8062287046 
640.0	1.45622664371e+51	24.84703132 
641.0	1.44426776237e+51	24.8489016388 
642.0	1.43163712037e+51	24.8612362388 
643.0	1.41908874036e+51	24.8726652359 
644.0	1.41144594864e+51	24.8361796919 
645.0	1.40477417643e+51	24.8065859431 
646.0	1.40067080648e+51	24.7702694408 
647.0	1.39936559152e+51	24.717399632 
648.0	1.39155964298e+51	24.6743673862 
649.0	1.38383084146e+51	24.632204093 
650.0	1.37430347836e+51	24.5848282645 
651.0	1.36048207793e+51	24.5536742095 
652.0	1.34929681531e+51	24.5237108524 
653.0	1.33854383339e+51	24.4683132413 
654.0	1.32915674784e+51	24.419736286 
655.0	1.32189484606e+51	24.3606700324 
656.0	1.31005080748e+51	24.2889725086 
657.0	1.29852959205e+51	24.2239398426 
658.0	1.28857759306e+51	24.1681404526 
659.0	1.28374419834e+51	24.1609135962 
660.0	1.27823176758e+51	24.1534673017 
661.0	1.27342779359e+51	24.1597801743 
662.0	1.2770740482e+51	24.1853392315 
663.0	1.27855816573e+51	24.2382596519 
664.0	1.26930336871e+51	24.2629041098 
665.0	1.24615778068e+51	24.1628462175 
666.0	1.24980759815e+51	24.076077532 
667.0	1.24981019901e+51	24.060546517 
668.0	1.24717481419e+51	24.0710723498 
669.0	1.25107066034e+51	24.1176506301 
670.0	1.25745447495e+51	24.1925747622 
671.0	1.26408343092e+51	24.2627958532 
672.0	1.26880001022e+51	24.2986361312 
673.0	1.27043603819e+51	24.3106028007 
674.0	1.26639049182e+51	24.2853238865 
675.0	1.25897528433e+51	24.2214501503 
676.0	1.24659903583e+51	24.1271832701 
677.0	1.24659903583e+51	24.1271832701 
678.0	1.23909551122e+51	24.0160079711 
679.0	1.23235317561e+51	23.9433406042 
680.0	1.22936246087e+51	23.9041865933 
681.0	1.22859409266e+51	23.857228194 
682.0	1.22270191852e+51	23.8262581567 
683.0	1.2178323984e+51	23.7811029994 
684.0	1.21304813092e+51	23.6951173222 
685.0	1.20773539843e+51	23.6371545771 
686.0	1.20087866029e+51	23.5558362969 
687.0	1.19673250734e+51	23.4571197005 
688.0	1.18950207945e+51	23.3799397771 
689.0	1.18500060284e+51	23.3085887868 
690.0	1.18107594124e+51	23.2221451046 
691.0	1.1779890417e+51	23.1784599019 
692.0	1.17726331074e+51	23.1124091047 
693.0	1.17925239373e+51	23.0778124466 
694.0	1.18571367602e+51	23.0267506954 
695.0	1.19898587774e+51	23.071659063 
696.0	1.21775817823e+51	23.2088311641 
697.0	1.23352378414e+51	23.3760882932 
698.0	1.23704498561e+51	23.4619024398 
699.0	1.23659175084e+51	23.495948437 
700.0	1.22972445519e+51	23.5272038294 
701.0	1.22176080784e+51	23.4985516043 
702.0	1.21318020783e+51	23.5083612046 
703.0	1.20312003779e+51	23.5031831252 
704.0	1.19519004331e+51	23.4791604892 
705.0	1.18483313652e+51	23.4337089523 
706.0	1.17624018152e+51	23.3488516075 
707.0	1.17004814438e+51	23.2712705398 
708.0	1.16519178868e+51	23.1790596456 
709.0	1.16236194389e+51	23.1206061354 
710.0	1.16184649173e+51	23.1025154874 
711.0	1.16250962e+51	23.0862918636 
712.0	1.1647116487e+51	23.0980790639 
713.0	1.16420052336e+51	23.0984950207 
714.0	1.16603656872e+51	23.0581822979 
715.0	1.16371691861e+51	23.0379709029 
716.0	1.16459419365e+51	22.9875554525 
717.0	1.16747843037e+51	22.9597989967 
718.0	1.16947569667e+51	22.9496400634 
719.0	1.16732252292e+51	22.9191438003 
720.0	1.16150382371e+51	22.8945696158 
721.0	1.14918384657e+51	22.8534720821 
722.0	1.14027348384e+51	22.7936506758 
723.0	1.13150571053e+51	22.7420422014 
724.0	1.12441896526e+51	22.6861089768 
725.0	1.1118725479e+51	22.6272183724 
726.0	1.0983405342e+51	22.5569117885 
727.0	1.08561141656e+51	22.4635366429 
728.0	1.0649463957e+51	22.4219043142 
729.0	1.04572396766e+51	22.3571565767 
730.0	1.0280767081e+51	22.2093376136 
731.0	1.0105358138e+51	22.1191272267 
732.0	9.93860248937e+50	22.0166724849 
733.0	9.78890570177e+50	21.9740593534 
734.0	9.6375296891e+50	21.9755290814 
735.0	9.54688761048e+50	21.9093918144 
736.0	9.47098105883e+50	21.8821125864 
737.0	9.38818466572e+50	21.8146660921 
738.0	9.29584061568e+50	21.7602265445 
739.0	9.18841671315e+50	21.7305288828 
740.0	9.08808764521e+50	21.7039356663 
741.0	8.96290618678e+50	21.6936055109 
742.0	8.90633868939e+50	21.6381687 
743.0	8.86791191767e+50	21.5877038321 
744.0	8.84703943578e+50	21.4972122681 
745.0	8.83280557149e+50	21.4736588117 
746.0	8.85534629027e+50	21.370695045 
747.0	8.81685868518e+50	21.3150283365 
748.0	8.82635563466e+50	21.2327519246 
749.0	8.80527805765e+50	21.1536904528 
750.0	8.77726062694e+50	21.0792011692 
751.0	8.72973691588e+50	20.9118179111 
752.0	8.60805087116e+50	20.777360692 
753.0	8.52215707228e+50	20.6435892634 
754.0	8.36670669251e+50	20.5740111592 
755.0	8.25044092942e+50	20.4542800805 
756.0	8.11562380433e+50	20.3843607293 
757.0	7.9951867377e+50	20.28408253 
758.0	7.85938241219e+50	20.2201499515 
759.0	7.72457435406e+50	20.1885815143 
760.0	7.63907910274e+50	20.1618579016 
761.0	7.56368918693e+50	20.1963614217 
762.0	7.5383044953e+50	20.1656927873 
763.0	7.50936928545e+50	20.2160240643 
764.0	7.47366782553e+50	20.2497814752 
765.0	7.42697427998e+50	20.2316663812 
766.0	7.40660354003e+50	20.2516440038 
767.0	7.40212264712e+50	20.2107207173 
768.0	7.40603689469e+50	20.2002380742 
769.0	7.40597439401e+50	20.1447393986 
770.0	7.41393531024e+50	20.096161219 
771.0	7.41723948687e+50	20.0643073935 
772.0	7.38657629735e+50	20.0051155537 
773.0	7.3326694943e+50	19.9923541398 
774.0	7.26439353332e+50	19.9588913596 
775.0	7.16534695071e+50	19.8891513007 
776.0	7.06170615843e+50	19.8530931514 
777.0	6.94323106523e+50	19.807976631 
778.0	6.77830508467e+50	19.8629146603 
779.0	6.70066959934e+50	19.8448468249 
780.0	6.62744995469e+50	19.8490644908 
781.0	6.57474948441e+50	19.8629641196 
782.0	6.5384718237e+50	19.8216372145 
783.0	6.49176220592e+50	19.8111896582 
784.0	6.45579716795e+50	19.7892695969 
785.0	6.4019333047e+50	19.7743673878 
786.0	6.37236653993e+50	19.7819606243 
787.0	6.35453623177e+50	19.7703608802 
788.0	6.36983020801e+50	19.7711393389 
789.0	6.38762648507e+50	19.7757440182 
790.0	6.37017922082e+50	19.7858485229 
791.0	6.38870925735e+50	19.795580865 
792.0	6.41492249479e+50	19.7610128033 
793.0	6.43376403928e+50	19.8147153112 
794.0	6.4299875854e+50	19.846630291 
795.0	6.43076634477e+50	19.8886181702 
796.0	6.43817116508e+50	19.8962813537 
797.0	6.43223410986e+50	19.8973741887 
798.0	6.43340146216e+50	19.908691409 
799.0	6.42581026613e+50	19.8930292255 
800.0	6.43217704737e+50	19.8843613061 
801.0	6.41788090207e+50	19.8554956122 
802.0	6.39423184296e+50	19.8825459473 
803.0	6.37856479102e+50	19.8841070585 
804.0	6.3570703558e+50	19.8948465127 
805.0	6.34082929297e+50	19.9197364665 
806.0	6.37856479102e+50	19.8841070585 
807.0	6.3570703558e+50	19.8948465127 
808.0	6.34082929297e+50	19.9197364665 
809.0	6.32675233222e+50	19.9218343707 
810.0	6.35386411933e+50	19.9269258946 
811.0	6.3882941877e+50	19.8865116342 
812.0	6.41241684498e+50	19.893694411 
813.0	6.41651982219e+50	19.8471890755 
814.0	6.45298196811e+50	19.8204775915 
815.0	6.50352905163e+50	19.813465 
816.0	6.50594925978e+50	19.8227306432 
817.0	6.5348176887e+50	19.797048497 
818.0	6.50561557604e+50	19.7521677683 
819.0	6.49169316089e+50	19.7664635707 
820.0	6.44694798752e+50	19.7290564729 
821.0	6.39935259373e+50	19.7332074418 
822.0	6.41516801936e+50	19.7379984041 
823.0	6.38921540927e+50	19.7113890667 
824.0	6.40654516011e+50	19.7287593453 
825.0	6.39758094177e+50	19.6668720102 
826.0	6.38517873809e+50	19.6937513969 
827.0	6.3902791951e+50	19.6721501759 
828.0	6.38492064e+50	19.6412448156 
829.0	6.39166361862e+50	19.6026745737 
830.0	6.39094210084e+50	19.5814917368 
831.0	6.36439213376e+50	19.5696797438 
832.0	6.44650892872e+50	19.5526786194 
833.0	6.52227012852e+50	19.4837026346 
834.0	6.557349617e+50	19.4452017185 
835.0	6.56547560623e+50	19.422900072 
836.0	6.58533037954e+50	19.42182946 
837.0	6.66824206314e+50	19.3757271659 
838.0	6.74902124872e+50	19.3015243685 
839.0	6.83067436515e+50	19.2725172667 
840.0	6.90772267017e+50	19.2371995417 
841.0	6.98548302119e+50	19.1987572395 
842.0	7.037609936e+50	19.1461317775 
843.0	7.06671722343e+50	19.105234015 
844.0	7.07047108877e+50	19.0778493851 
845.0	7.13524967148e+50	19.0385956221 
846.0	7.22520385561e+50	18.9574063614 
847.0	7.23688859975e+50	18.8968353134 
848.0	7.28023816458e+50	18.8920627005 
849.0	7.27231093446e+50	18.8587797755 
850.0	7.30468779033e+50	18.839601693 
851.0	7.29788658522e+50	18.8177994163 
852.0	7.32474023053e+50	18.8117443106 
853.0	7.32824120108e+50	18.7928284742 
854.0	7.35244118041e+50	18.8037453581 
855.0	7.36010192921e+50	18.7724994881 
856.0	7.38524686832e+50	18.7810749128 
857.0	7.3797238501e+50	18.758690363 
858.0	7.40561051202e+50	18.7436519079 
859.0	7.40976383006e+50	18.7320196155 
860.0	7.39878727665e+50	18.7246722133 
861.0	7.37752147701e+50	18.6730624564 
862.0	7.38480524584e+50	18.6701486627 
863.0	7.35026596541e+50	18.640611555 
864.0	7.32724239255e+50	18.6251204828 
865.0	7.32846050693e+50	18.6172102571 
866.0	7.3039015078e+50	18.5967545287 
867.0	7.26866660626e+50	18.5717615499 
868.0	7.26344524296e+50	18.5579858466 
869.0	7.22462021233e+50	18.500863718 
870.0	7.19609809599e+50	18.4956059758 
871.0	7.15134956516e+50	18.4645768667 
872.0	7.12415466143e+50	18.4596119498 
873.0	7.06247425332e+50	18.4357731406 
874.0	7.04318825266e+50	18.4101687888 
875.0	7.00789708955e+50	18.4085142331 
876.0	6.97299568505e+50	18.4146776917 
877.0	6.95146767531e+50	18.3930376995 
878.0	6.92743604908e+50	18.3879128638 
879.0	6.89137142057e+50	18.3664083355 
880.0	6.87297984272e+50	18.3328845682 
881.0	6.835719169e+50	18.3193292437 
882.0	6.81115782526e+50	18.2986853233 
883.0	6.77564924936e+50	18.286300987 
884.0	6.73941976979e+50	18.2703371683 
885.0	6.66831792852e+50	18.262866745 
886.0	6.65311522655e+50	18.2563858986 
887.0	6.61803855234e+50	18.233263631 
888.0	6.56765479904e+50	18.2220735747 
889.0	6.53468341313e+50	18.215407347 
890.0	6.50134864972e+50	18.2305269109 
891.0	6.48316161803e+50	18.2490094759 
892.0	6.47356623379e+50	18.2461832714 
893.0	6.45000024081e+50	18.2639382966 
894.0	6.44543610748e+50	18.2713281878 
895.0	6.42961163644e+50	18.266457962 
896.0	6.423749956e+50	18.2685855659 
897.0	6.41436433698e+50	18.2634729216 
898.0	6.4000770357e+50	18.2567998054 
899.0	6.37898078355e+50	18.2744671434 
900.0	6.37445569469e+50	18.2873120002 
901.0	6.34479347554e+50	18.3085054642 
902.0	6.30360383108e+50	18.3227679847 
903.0	6.29395592343e+50	18.3444412793 
904.0	6.28747030698e+50	18.3534342159 
905.0	6.25118837201e+50	18.3823774698 
906.0	6.23608629821e+50	18.3704619506 
907.0	6.2261643491e+50	18.4029591396 
908.0	6.19524003641e+50	18.4087053394 
909.0	6.15410135385e+50	18.4407201669 
910.0	6.14481386901e+50	18.420002247 
911.0	6.11420840589e+50	18.4400265563 
912.0	6.07745220602e+50	18.4457802471 
913.0	6.04316977119e+50	18.4585917306 
914.0	6.02631283833e+50	18.426994525 
915.0	6.00205508632e+50	18.4298697654 
916.0	5.9760553202e+50	18.4204049333 
917.0	5.9477831325e+50	18.4047147421 
918.0	5.92082656659e+50	18.3896353931 
919.0	5.87942002817e+50	18.3906310489 
920.0	5.86299078676e+50	18.3936692068 
921.0	5.81867176437e+50	18.3735597776 
922.0	5.78333795474e+50	18.3742032722 
923.0	5.76068546915e+50	18.3831124986 
924.0	5.72905344791e+50	18.3954231216 
925.0	5.68707328083e+50	18.3972286446 
926.0	5.65051590571e+50	18.3783434304 
927.0	5.62343728952e+50	18.3894625614 
928.0	5.6073312214e+50	18.389766013 
929.0	5.57848444902e+50	18.3994897322 
930.0	5.53775322619e+50	18.4054893256 
931.0	5.50788281739e+50	18.4035343427 
932.0	5.48380706977e+50	18.4064465063 
933.0	5.46555530878e+50	18.4498913908 
934.0	5.42305558162e+50	18.4445251247 
935.0	5.4062890097e+50	18.4321476777 
936.0	5.38968398219e+50	18.4187523102 
937.0	5.38006999499e+50	18.4744355866 
938.0	5.34225284622e+50	18.4936465652 
939.0	5.31671743885e+50	18.5005397174 
940.0	5.28967309645e+50	18.514339499 
941.0	5.26697576638e+50	18.5302017643 
942.0	5.2444498705e+50	18.5181404307 
943.0	5.2345816144e+50	18.5038105084 
944.0	5.20505139176e+50	18.5065033897 
945.0	5.18261874481e+50	18.4785413352 
946.0	5.16476084369e+50	18.4617155651 
947.0	5.15752928934e+50	18.4616613597 
948.0	5.11600704016e+50	18.4507195131 
949.0	5.09733007044e+50	18.4183388568 
950.0	5.08226694853e+50	18.4238588867 
951.0	5.05155844858e+50	18.3996292319 
952.0	5.04771229451e+50	18.3795891774 
953.0	5.02643652361e+50	18.3773449443 
954.0	5.00512274289e+50	18.3818729702 
955.0	4.99148138136e+50	18.4062678454 
956.0	4.97053103175e+50	18.4050555796 
957.0	4.9530477275e+50	18.4176888652 
958.0	4.93994854644e+50	18.4270388239 
959.0	4.91400286497e+50	18.4373421487 
960.0	4.90032705297e+50	18.4597298361 
961.0	4.87856728916e+50	18.4551559223 
962.0	4.86903180513e+50	18.4826887472 
963.0	4.84507401266e+50	18.5048550554 
964.0	4.82394181386e+50	18.4883029859 
965.0	4.81544754631e+50	18.529608902 
966.0	4.79514294525e+50	18.5268848174 
967.0	4.78393770291e+50	18.5574175676 
968.0	4.75653538853e+50	18.5553428419 
969.0	4.75374060013e+50	18.5905435908 
970.0	4.72494060532e+50	18.5882126031 
971.0	4.72326451127e+50	18.6000008879 
972.0	4.70477500327e+50	18.6171723404 
973.0	4.68311822686e+50	18.6091216982 
974.0	4.66905446732e+50	18.6152547935 
975.0	4.65203142171e+50	18.6590046117 
976.0	4.63392975446e+50	18.6420444924 
977.0	4.62270017099e+50	18.6387853532 
978.0	4.60632202879e+50	18.6667179415 
979.0	4.5884438367e+50	18.6889767772 
980.0	4.56348798924e+50	18.682381798 
981.0	4.55213405716e+50	18.6788489872 
982.0	4.527083981e+50	18.6964014168 
983.0	4.50149091157e+50	18.7006980297 
984.0	4.48355943423e+50	18.6897821027 
985.0	4.46736392591e+50	18.6803926395 
986.0	4.44228654218e+50	18.6840414353 
987.0	4.42644446585e+50	18.6766252311 
988.0	4.42375392009e+50	18.689113993 
989.0	4.39132702428e+50	18.6308507047 
990.0	4.36769531054e+50	18.6383139326 
991.0	4.34251798432e+50	18.6416249952 
992.0	4.32995942167e+50	18.6447277884 
993.0	4.2925995531e+50	18.5915718739 
994.0	4.27019556723e+50	18.5939064911 
995.0	4.25432865398e+50	18.6207885678 
996.0	4.2204927337e+50	18.5834505737 
997.0	4.20711349334e+50	18.5790538076 
998.0	4.18178360054e+50	18.5869814561 
999.0	4.15225403436e+50	18.555850232 
1000.0	4.13505731675e+50	18.5677255448 
1001.0	4.11006570509e+50	18.5519144511 
1002.0	4.06954719693e+50	18.5129789637 
1003.0	4.05737240723e+50	18.5033414679 
1004.0	4.02929881288e+50	18.5275612512 
1005.0	3.98295894092e+50	18.4662020601 
1006.0	3.96615499819e+50	18.4197595004 
1007.0	3.95260419082e+50	18.4017288652 
1008.0	3.9379343404e+50	18.4206699762 
1009.0	3.90676270524e+50	18.3576409428 
1010.0	3.89716494753e+50	18.3285079371 
1011.0	3.87194781263e+50	18.2799825873 
1012.0	3.86726169297e+50	18.2984216967 
1013.0	3.84473246499e+50	18.2540036781 
1014.0	3.81869101272e+50	18.2153839923 
1015.0	3.78767546504e+50	18.1783361027 
1016.0	3.76842717454e+50	18.154821495 
1017.0	3.73872982096e+50	18.0763124215 
1018.0	3.7275247418e+50	18.0328525124 
1019.0	3.69508232242e+50	18.0004226196 
1020.0	3.66751305851e+50	17.9568776365 
1021.0	3.65140791743e+50	17.9099731312 
1022.0	3.63161326712e+50	17.8768350218 
1023.0	3.61418200861e+50	17.8492996531 
1024.0	3.60456367791e+50	17.821080647 
1025.0	3.59486615154e+50	17.7999486247 
1026.0	3.57513013227e+50	17.7518088977 
1027.0	3.55871685811e+50	17.7156959955 
1028.0	3.55744705109e+50	17.6924804446 
1029.0	3.52511467111e+50	17.6359760152 
1030.0	3.50474012738e+50	17.5965569819 
1031.0	3.48000038743e+50	17.5296581364 
1032.0	3.44854841089e+50	17.4871558735 
1033.0	3.43133415085e+50	17.4220719838 
1034.0	3.41191596818e+50	17.3750730141 
1035.0	3.38065917947e+50	17.3385906709 
1036.0	3.36236100305e+50	17.2738958031 
1037.0	3.34416200386e+50	17.2692200253 
1038.0	3.32628101745e+50	17.2174823548 
1039.0	3.33105187489e+50	17.2068827508 
1040.0	3.30572113503e+50	17.19036775 
1041.0	3.31057527836e+50	17.1873118183 
1042.0	3.28333331318e+50	17.1639327273 
1043.0	3.26551733459e+50	17.1234866379 
1044.0	3.24731601e+50	17.122094489 
1045.0	3.21812026574e+50	17.0654164142 
1046.0	3.20274212696e+50	17.0237845426 
1047.0	3.16885641508e+50	17.0058366306 
1048.0	3.15376290211e+50	16.9441344584 
1049.0	3.12578642576e+50	16.9190087707 
1050.0	3.10608243008e+50	16.8773086777 
1051.0	3.09509282716e+50	16.8742376329 
1052.0	3.08008048888e+50	16.8499990791 
1053.0	3.06868706356e+50	16.8339709791 
1054.0	3.06741977965e+50	16.7999167093 
1055.0	3.05107414869e+50	16.808209699 
1056.0	3.03553047703e+50	16.7833398793 
1057.0	3.01264227305e+50	16.7716411078 
1058.0	2.98597568293e+50	16.7584009339 
1059.0	2.95403287766e+50	16.7247189078 
1060.0	2.94172044583e+50	16.6679818344 
1061.0	2.91801925155e+50	16.6417581423 
1062.0	2.88665001767e+50	16.6040214489 
1063.0	2.86868425189e+50	16.5406119468 
1064.0	2.8571944234e+50	16.5188113003 
1065.0	2.83895429497e+50	16.4912665515 
1066.0	2.8235372674e+50	16.4567010241 
1067.0	2.83250044968e+50	16.4504317775 
1068.0	2.81895428744e+50	16.4145907615 
1069.0	2.79508151982e+50	16.3861166438 
1070.0	2.79831607023e+50	16.3984549628 
1071.0	2.77381686413e+50	16.3452980485 
1072.0	2.74575131454e+50	16.3210784862 
1073.0	2.73733474829e+50	16.3392311872 
1074.0	2.71670935073e+50	16.2577186183 
1075.0	2.69622550943e+50	16.2008535662 
1076.0	2.69057472227e+50	16.2201456431 
1077.0	2.67304298559e+50	16.1525644396 
1078.0	2.65165901065e+50	16.153304139 
1079.0	2.64415040289e+50	16.174314725 
1080.0	2.62231835897e+50	16.1108575784 
1081.0	2.62419522604e+50	16.0961009942 
1082.0	2.59761883837e+50	16.0924545955 
1083.0	2.59507524316e+50	16.0874845458 
1084.0	2.57554805479e+50	16.0910399017 
1085.0	2.55756857687e+50	16.0622522363 
1086.0	2.555290231e+50	16.0312755895 
1087.0	2.54517043999e+50	16.0358332938 
1088.0	2.52822732213e+50	15.9997475455 
1089.0	2.51731976526e+50	16.0354645732 
1090.0	2.50670566392e+50	16.0315738946 
1091.0	2.48904254748e+50	15.9815211803 
1092.0	2.50224472847e+50	15.9678428399 
1093.0	2.48830322628e+50	15.9525462676 
1094.0	2.47161463062e+50	15.9096009635 
1095.0	2.48083359107e+50	15.9222450905 
1096.0	2.46551229736e+50	15.9144352116 
1097.0	2.45275398778e+50	15.8749069841 
1098.0	2.45328426188e+50	15.8815991793 
1099.0	2.43154364804e+50	15.9012914417 
1100.0	2.4229039735e+50	15.8572059762 
1101.0	2.41781022514e+50	15.8891464664 
1102.0	2.39419859652e+50	15.8923827132 
1103.0	2.39873499071e+50	15.8493726349 
1104.0	2.38303079448e+50	15.8964554382 
1105.0	2.3680012397e+50	15.8410208222 
1106.0	2.37307934395e+50	15.798275156 
1107.0	2.36370818707e+50	15.8698658857 
1108.0	2.34873915984e+50	15.8190798557 
1109.0	2.34580822295e+50	15.811181211 
1110.0	2.33083993789e+50	15.8421558885 
1111.0	2.31796403732e+50	15.8175204224 
1112.0	2.32207062661e+50	15.7908186871 
1113.0	2.30617505874e+50	15.8057147327 
1114.0	2.29455012885e+50	15.7861113349 
1115.0	2.29284087198e+50	15.7878006413 
1116.0	2.28839953414e+50	15.7578040895 
1117.0	2.28177675011e+50	15.7461553279 
1118.0	2.2767509371e+50	15.7588969828 
1119.0	2.26259355634e+50	15.7762028994 
1120.0	2.25408435462e+50	15.7700532342 
1121.0	2.25014545305e+50	15.7741661478 
1122.0	2.23701331031e+50	15.7888254648 
1123.0	2.22668145871e+50	15.7915266301 
1124.0	2.22394350335e+50	15.7797214363 
1125.0	2.21375949057e+50	15.7714289792 
1126.0	2.19806592788e+50	15.7874094023 
1127.0	2.19762332665e+50	15.7453683024 
1128.0	2.19002554636e+50	15.7406815229 
1129.0	2.17923708245e+50	15.7602066254 
1130.0	2.17305359471e+50	15.7511697301 
1131.0	2.16363873634e+50	15.7716162183 
1132.0	2.16151168861e+50	15.7590916431 
1133.0	2.15784557904e+50	15.7500081251 
1134.0	2.14701317587e+50	15.7642734945 
1135.0	2.14304481457e+50	15.7616388888 
1136.0	2.13973529482e+50	15.7548107713 
1137.0	2.13013953507e+50	15.7622551596 
1138.0	2.13342068416e+50	15.7494631008 
1139.0	2.12733633639e+50	15.7248827919 
1140.0	2.12405176073e+50	15.72249719 
1141.0	2.11724885998e+50	15.7220576733 
1142.0	2.11003058341e+50	15.7375562066 
1143.0	2.10318952161e+50	15.7484932082 
1144.0	2.10016309472e+50	15.7271819393 
1145.0	2.08748767601e+50	15.7219948732 
1146.0	2.08524317594e+50	15.69979763 
1147.0	2.07294159235e+50	15.7192602675 
1148.0	2.06307899115e+50	15.7275209431 
1149.0	2.06360702783e+50	15.7145644047 
1150.0	2.05546555179e+50	15.7110511787 
1151.0	2.04711827028e+50	15.7228370267 
1152.0	2.04136694694e+50	15.6932909262 
1153.0	2.03929415468e+50	15.6890954992 
1154.0	2.03010214742e+50	15.6765215515 
1155.0	2.02370369225e+50	15.6538435667 
1156.0	2.02264735934e+50	15.6258773185 
1157.0	2.01458517467e+50	15.6200639669 
1158.0	2.00469420123e+50	15.6038694193 
1159.0	1.99633992552e+50	15.5775597095 
1160.0	1.99333823562e+50	15.5516933539 
1161.0	1.98029310102e+50	15.5214740627 
1162.0	1.97635471483e+50	15.5574667937 
1163.0	1.96519967381e+50	15.5253196967 
1164.0	1.96581760818e+50	15.4628697909 
1165.0	1.96377426999e+50	15.4822167761 
1166.0	1.95483576585e+50	15.459750067 
1167.0	1.94687588617e+50	15.4273427699 
1168.0	1.93942284608e+50	15.4045308086 
1169.0	1.93248881902e+50	15.3888724957 
1170.0	1.92043606682e+50	15.3732757223 
1171.0	1.91760493057e+50	15.3344709586 
1172.0	1.91083211062e+50	15.3162465484 
1173.0	1.90256291632e+50	15.2875595452 
1174.0	1.89312597001e+50	15.2734616695 
1175.0	1.88608919468e+50	15.2679487682 
1176.0	1.88262121597e+50	15.2293558383 
1177.0	1.87561050113e+50	15.1988358683 
1178.0	1.87953231242e+50	15.1813312437 
1179.0	1.87208044678e+50	15.1591927576 
1180.0	1.86722061169e+50	15.1348534926 
1181.0	1.8650434161e+50	15.1392483364 
1182.0	1.86201847828e+50	15.1119916411 
1183.0	1.85965672465e+50	15.0796022016 
1184.0	1.85179413613e+50	15.0979330459 
1185.0	1.85157596554e+50	15.0754480343 
1186.0	1.84496797424e+50	15.0537106904 
1187.0	1.83930844986e+50	15.044892195 
1188.0	1.83530549564e+50	15.0299911153 
1189.0	1.8270795533e+50	15.0227670695 
1190.0	1.82336815092e+50	14.9951095084 
1191.0	1.81707231023e+50	14.9771813167 
1192.0	1.81247406423e+50	14.9850144379 
1193.0	1.80541739956e+50	14.9537398823 
1194.0	1.80789891678e+50	14.9031785442 
1195.0	1.80785239256e+50	14.8828810775 
1196.0	1.79668201236e+50	14.8820691577 
1197.0	1.789199299e+50	14.8546108766 
1198.0	1.78739282814e+50	14.8430444716 
1199.0	1.78567331711e+50	14.842223119 
1200.0	1.7741676414e+50	14.8102692289 
1201.0	1.7635958873e+50	14.7990856126 
1202.0	1.77116817927e+50	14.7986538018 
1203.0	1.7669651718e+50	14.7245359964 
1204.0	1.75962809225e+50	14.7124190388 
1205.0	1.76335954089e+50	14.7014897588 
1206.0	1.75461688416e+50	14.6769056108 
1207.0	1.75317398588e+50	14.6621428505 
1208.0	1.75025545378e+50	14.6645197203 
1209.0	1.74381124428e+50	14.6352132242 
1210.0	1.74499166379e+50	14.6266158124 
1211.0	1.73596117707e+50	14.6264976827 
1212.0	1.74223100652e+50	14.5707336858 
1213.0	1.73672437556e+50	14.587735108 
1214.0	1.73269299434e+50	14.5792780196 
1215.0	1.73502946965e+50	14.5459087058 
1216.0	1.72822012112e+50	14.5574145216 
1217.0	1.72872263676e+50	14.5514809701 
1218.0	1.72777085974e+50	14.5490466024 
1219.0	1.7222599839e+50	14.5439953131 
1220.0	1.72796263792e+50	14.5276593789 
1221.0	1.72927626295e+50	14.5274064003 
1222.0	1.72550271638e+50	14.5171553085 
1223.0	1.72802327373e+50	14.5645253465 
1224.0	1.72389838978e+50	14.5326346788 
1225.0	1.72198266289e+50	14.5145794064 
1226.0	1.71794777143e+50	14.5311289755 
1227.0	1.7146404245e+50	14.5046785242 
1228.0	1.71401982997e+50	14.5321629571 
1229.0	1.71098291641e+50	14.5157366533 
1230.0	1.71567194899e+50	14.4766742682 
1231.0	1.71345269754e+50	14.4657212293 
1232.0	1.71034611411e+50	14.4889548781 
1233.0	1.7056443963e+50	14.4740505348 
1234.0	1.70150437754e+50	14.4648685833 
1235.0	1.69407343132e+50	14.4345533792 
1236.0	1.68806157414e+50	14.4279042535 
1237.0	1.67469387675e+50	14.4243687091 
1238.0	1.67509299291e+50	14.3748920653 
1239.0	1.67690207684e+50	14.3772604838 
1240.0	1.67243046908e+50	14.3695026086 
1241.0	1.66556095723e+50	14.3860785933 
1242.0	1.659605753e+50	14.3740633228 
1243.0	1.65864116629e+50	14.351000154 
1244.0	1.65670382079e+50	14.3661545879 
1245.0	1.65071029518e+50	14.3584614558 
1246.0	1.64275449806e+50	14.3386401703 
1247.0	1.64020723302e+50	14.3097668166 
1248.0	1.6372716182e+50	14.3066616639 
1249.0	1.63222682249e+50	14.3006837856 
1250.0	1.63367874358e+50	14.2999846434 
1251.0	1.63521156372e+50	14.3263840258 
1252.0	1.63544014428e+50	14.3254956629 
1253.0	1.64173868111e+50	14.3224004105 
1254.0	1.63988711947e+50	14.3013800593 
1255.0	1.64157174713e+50	14.2660399486 
1256.0	1.6443109223e+50	14.2929673696 
1257.0	1.63908589784e+50	14.2945218463 
1258.0	1.63974892427e+50	14.2844687787 
1259.0	1.63782512916e+50	14.2735827502 
1260.0	1.64587894402e+50	14.2615886342 
1261.0	1.64214249233e+50	14.2768974018 
1262.0	1.63586842369e+50	14.2408722868 
1263.0	1.63171296901e+50	14.2107273369 
1264.0	1.62857696784e+50	14.2012527478 
1265.0	1.61926241276e+50	14.19172908 
1266.0	1.63164912134e+50	14.1678863836 
1267.0	1.62535352364e+50	14.1765044006 
1268.0	1.61876350805e+50	14.1231110206 
1269.0	1.6250848348e+50	14.0991263237 
1270.0	1.61837699091e+50	14.1063858632 
1271.0	1.6147795465e+50	14.0685068597 
1272.0	1.6203145367e+50	14.0381072207 
1273.0	1.61484018031e+50	13.9969183982 
1274.0	1.61886458235e+50	13.9857751533 
1275.0	1.616410492e+50	14.0029234382 
1276.0	1.61222671643e+50	13.9892972736 
1277.0	1.60941475727e+50	13.9563314661 
1278.0	1.61470977429e+50	13.92475603 
1279.0	1.614428547e+50	13.9075499462 
1280.0	1.62041593836e+50	13.9035622312 
1281.0	1.62865931048e+50	13.9501061621 
1282.0	1.63347014921e+50	13.95718954 
1283.0	1.63420151715e+50	13.8804711758 
1284.0	1.64454569397e+50	13.8699564858 
1285.0	1.64558339341e+50	13.8747884802 
1286.0	1.64244859885e+50	13.8099437678 
1287.0	1.64937212482e+50	13.8030219704 
1288.0	1.64622493189e+50	13.8263727613 
1289.0	1.64082947219e+50	13.7510978243 
1290.0	1.63535692609e+50	13.6997568479 
1291.0	1.62268784508e+50	13.6949595481 
1292.0	1.6230274986e+50	13.703826466 
1293.0	1.63035578698e+50	13.7240604606 
1294.0	1.63099692985e+50	13.7194257161 
1295.0	1.64139081704e+50	13.6295823224 
1296.0	1.64799237945e+50	13.6072161531 
1297.0	1.63671813419e+50	13.474208496 
1298.0	1.65742885188e+50	13.5225806002 
1299.0	1.65327545236e+50	13.490468567 
1300.0	1.6562192582e+50	13.4112482673 
1301.0	1.67271274593e+50	13.4297302857 
1302.0	1.6674121963e+50	13.3386665628 
1303.0	1.66264782413e+50	13.310741407 
1304.0	1.66136686756e+50	13.3017093287 
1305.0	1.6691349871e+50	13.322699431 
1306.0	1.68572780278e+50	13.3689437965 
1307.0	1.69420449486e+50	13.2746161009 
1308.0	1.704318102e+50	13.2119311632 
1309.0	1.7123601001e+50	13.2326389469 
1310.0	1.71266715718e+50	13.1009802147 
1311.0	1.72349591001e+50	13.1003298599 
1312.0	1.73152693062e+50	13.1507370303 
1313.0	1.7378333087e+50	12.9973413926 
1314.0	1.74074260578e+50	13.0067871328 
1315.0	1.75476864835e+50	13.0286491452 
1316.0	1.75413091151e+50	12.9223499372 
1317.0	1.74505192727e+50	12.9072573426 
1318.0	1.74992913579e+50	12.9117179864 
1319.0	1.74216867923e+50	12.9094955096 
1320.0	1.74805784183e+50	12.8943972613 
1321.0	1.74676148893e+50	12.9156735238 
1322.0	1.76284206699e+50	12.8959388826 
1323.0	1.7583551166e+50	12.8399707609 
1324.0	1.75652285484e+50	12.8387951766 
1325.0	1.76374876275e+50	12.8022940469 
1326.0	1.76385766388e+50	12.7720851596 
1327.0	1.75872232422e+50	12.773231077 
1328.0	1.75321231701e+50	12.7518794051 
1329.0	1.74859853902e+50	12.7346101718 
1330.0	1.74900871558e+50	12.7340604869 
1331.0	1.76221107453e+50	12.71526648 
1332.0	1.74862408256e+50	12.6821857133 
1333.0	1.73841176279e+50	12.6449056582 
1334.0	1.74065280992e+50	12.6510765508 
1335.0	1.74230668084e+50	12.6664403706 
1336.0	1.74784921709e+50	12.6398922295 
1337.0	1.73764801295e+50	12.5293611288 
1338.0	1.74908370397e+50	12.5723965192 
1339.0	1.76224223634e+50	12.536361152 
1340.0	1.74689723638e+50	12.468583491 
1341.0	1.7454096271e+50	12.4462133044 
1342.0	1.77746084104e+50	12.4548559742 
1343.0	1.77282071066e+50	12.374647308 
1344.0	1.77308146532e+50	12.3682258929 
1345.0	1.79268475028e+50	12.4164972856 
1346.0	1.7903596379e+50	12.3301268129 
1347.0	1.77770072277e+50	12.2785284227 
1348.0	1.78670695979e+50	12.2848682175 
1349.0	1.7909506514e+50	12.3060755719 
1350.0	1.7966190225e+50	12.3089359013 
1351.0	1.79446389742e+50	12.3039051414 
1352.0	1.80558955251e+50	12.2772431292 
1353.0	1.8150847938e+50	12.2604664853 
1354.0	1.81134825759e+50	12.2535501457 
1355.0	1.8144869269e+50	12.1392924567 
1356.0	1.8395784394e+50	12.1894814636 
1357.0	1.83040232954e+50	12.1746739194 
1358.0	1.82163120603e+50	12.05681481 
1359.0	1.82867341865e+50	12.0653409152 
1360.0	1.83764987848e+50	12.103875492 
1361.0	1.82755458657e+50	12.0172046146 
1362.0	1.82556584709e+50	11.9682487188 
1363.0	1.82446284067e+50	11.9886711129 
1364.0	1.82490041168e+50	11.9847161127 
1365.0	1.82760507686e+50	12.0011313685 
1366.0	1.80407300058e+50	11.8810052613 
1367.0	1.81328635155e+50	11.8872513111 
1368.0	1.82321070465e+50	11.8932022638 
1369.0	1.80934464186e+50	11.8595998685 
1370.0	1.81183618533e+50	11.8235220235 
1371.0	1.82227257604e+50	11.8430112695 
1372.0	1.82385438627e+50	11.8596620955 
1373.0	1.81972819788e+50	11.7761901961 
1374.0	1.83007150946e+50	11.7959126161 
1375.0	1.83335458697e+50	11.7807457068 
1376.0	1.82644494341e+50	11.7414630668 
1377.0	1.82486309232e+50	11.720873997 
1378.0	1.83000294616e+50	11.7373062872 
1379.0	1.83462458586e+50	11.7649122818 
1380.0	1.82031173222e+50	11.7342362422 
1381.0	1.81249734679e+50	11.6879380746 
1382.0	1.82552401388e+50	11.6809968739 
1383.0	1.81789885054e+50	11.6866969066 
1384.0	1.82513557004e+50	11.6532975759 
1385.0	1.83002351769e+50	11.6537444741 
1386.0	1.82698912254e+50	11.6438299488 
1387.0	1.82664767954e+50	11.6293729706 
1388.0	1.81920398203e+50	11.6003768071 
1389.0	1.80686509365e+50	11.5753231094 
1390.0	1.80770341077e+50	11.5511067567 
1391.0	1.81189303875e+50	11.5912923293 
1392.0	1.81087010466e+50	11.5447540723 
1393.0	1.8075767413e+50	11.5452649205 
1394.0	1.81080670964e+50	11.6070595036 
1395.0	1.80974571586e+50	11.523747312 
1396.0	1.8003989496e+50	11.4966811787 
1397.0	1.79391852405e+50	11.4495778197 
1398.0	1.79288954542e+50	11.4709486606 
1399.0	1.79377616439e+50	11.4399611719 
1400.0	1.78786548009e+50	11.420104455 
1401.0	1.78903553255e+50	11.411079347 
1402.0	1.78450873094e+50	11.4036687243 
1403.0	1.7932097826e+50	11.4120062804 
1404.0	1.79103155669e+50	11.4181649923 
1405.0	1.79081709395e+50	11.3975011432 
1406.0	1.78165356726e+50	11.3843326702 
1407.0	1.77259195015e+50	11.3662842746 
1408.0	1.76070433785e+50	11.3499885447 
1409.0	1.77227127678e+50	11.3524168604 
1410.0	1.76942021048e+50	11.3370746715 
1411.0	1.76951494987e+50	11.3321897979 
1412.0	1.77222711277e+50	11.3143478901 
1413.0	1.77393811255e+50	11.3362224003 
1414.0	1.76326486497e+50	11.320112665 
1415.0	1.75963363898e+50	11.3011297074 
1416.0	1.7443530862e+50	11.271413012 
1417.0	1.75095351944e+50	11.2665787916 
1418.0	1.73974987852e+50	11.2390718903 
1419.0	1.74390781246e+50	11.2572122084 
1420.0	1.74014331444e+50	11.2401234043 
1421.0	1.73779236864e+50	11.2553174862 
1422.0	1.72742762847e+50	11.2289220947 
1423.0	1.72563554676e+50	11.1900822825 
1424.0	1.71075290835e+50	11.2074480294 
1425.0	1.70349274497e+50	11.1441289825 
1426.0	1.7040839779e+50	11.1309350557 
1427.0	1.70306634133e+50	11.1324518097 
1428.0	1.7023012022e+50	11.1347709359 
1429.0	1.69428224935e+50	11.1232126814 
1430.0	1.69410582204e+50	11.1239419854 
1431.0	1.69214677576e+50	11.1305503224 
1432.0	1.69413130285e+50	11.1144802493 
1433.0	1.68856230274e+50	11.1231288017 
1434.0	1.68265136937e+50	11.095933238 
1435.0	1.67986403036e+50	11.1047480383 
1436.0	1.6786576575e+50	11.0861960571 
1437.0	1.67816543474e+50	11.0945241288 
1438.0	1.66661091173e+50	11.0666005438 
1439.0	1.6734147144e+50	11.0788480998 
1440.0	1.67182891508e+50	11.085412644 
1441.0	1.67303804327e+50	11.0937650711 
1442.0	1.66799545759e+50	11.0655224884 
1443.0	1.66888718581e+50	11.069931188 
1444.0	1.66623140275e+50	11.0647580068 
1445.0	1.66371077476e+50	11.0517410872 
1446.0	1.65744304079e+50	11.05218806 
1447.0	1.65959076948e+50	11.0561078232 
1448.0	1.65343580326e+50	11.0387261172 
1449.0	1.65033852168e+50	11.0301230024 
1450.0	1.64172650326e+50	11.0071490456 
1451.0	1.6329065839e+50	10.9940431044 
1452.0	1.62789101029e+50	10.9760781512 
1453.0	1.62594156821e+50	10.9590393266 
1454.0	1.62089698701e+50	10.9418947011 
1455.0	1.615988918e+50	10.9262309885 
1456.0	1.61812179524e+50	10.952823922 
1457.0	1.61567424665e+50	10.9473355963 
1458.0	1.61040773424e+50	10.9204976639 
1459.0	1.61178596888e+50	10.925250716 
1460.0	1.61119348212e+50	10.9254308598 
1461.0	1.6097475626e+50	10.924139871 
1462.0	1.60591352785e+50	10.914275514 
1463.0	1.5991163547e+50	10.8970373519 
1464.0	1.59754452464e+50	10.8980816105 
1465.0	1.59293350388e+50	10.8973895356 
1466.0	1.59552898335e+50	10.894070893 
1467.0	1.59497377997e+50	10.8899110726 
1468.0	1.59590750123e+50	10.9004308011 
1469.0	1.59300753945e+50	10.8842396681 
1470.0	1.5819634823e+50	10.8556829511 
1471.0	1.57863507205e+50	10.8342072949 
1472.0	1.57796576405e+50	10.8388023514 
1473.0	1.57656685364e+50	10.8335172497 
1474.0	1.58143122963e+50	10.8361295339 
1475.0	1.57596439331e+50	10.8305031347 
1476.0	1.57792611851e+50	10.8257743551 
1477.0	1.56432960817e+50	10.8144503223 
1478.0	1.56521053858e+50	10.7939569404 
1479.0	1.55176445438e+50	10.7572902734 
1480.0	1.55088425268e+50	10.7501695548 
1481.0	1.54729656002e+50	10.746010942 
1482.0	1.5461981818e+50	10.750435322 
1483.0	1.54655791949e+50	10.7573469515 
1484.0	1.54333011362e+50	10.7471608539 
1485.0	1.53693725187e+50	10.7517889573 
1486.0	1.52661690585e+50	10.7046175178 
1487.0	1.52374973433e+50	10.6792744509 
1488.0	1.51529242139e+50	10.6533014231 
1489.0	1.51319591557e+50	10.6529150964 
1490.0	1.51487580246e+50	10.6452302374 
1491.0	1.51503259761e+50	10.6503528111 
1492.0	1.51845944541e+50	10.6573338489 
1493.0	1.51730199596e+50	10.6593531002 
1494.0	1.50984998863e+50	10.6409184415 
1495.0	1.50542237434e+50	10.6307413117 
1496.0	1.50520020526e+50	10.6324837057 
1497.0	1.50505632131e+50	10.6389663485 
1498.0	1.49255090372e+50	10.6130105341 
1499.0	1.49008320957e+50	10.5919878455 
1500.0	1.4856820123e+50	10.548346662 
1501.0	1.48384431523e+50	10.5240911347 
1502.0	1.48895998122e+50	10.5606058216 
1503.0	1.48922175026e+50	10.5669025708 
1504.0	1.48311557517e+50	10.5730357921 
1505.0	1.48588364287e+50	10.5651440916 
1506.0	1.47862475075e+50	10.5512832536 
1507.0	1.47331177844e+50	10.5409496187 
1508.0	1.46660184925e+50	10.5228811675 
1509.0	1.46523144955e+50	10.4938350804 
1510.0	1.46889598175e+50	10.4975344509 
1511.0	1.4660318049e+50	10.4826099224 
1512.0	1.46788334133e+50	10.4672190869 
1513.0	1.46927776208e+50	10.4776426346 
1514.0	1.47047612218e+50	10.5029490245 
1515.0	1.46520527585e+50	10.4984000112 
1516.0	1.46040585672e+50	10.471639135 
1517.0	1.45710568531e+50	10.4551832279 
1518.0	1.45378028397e+50	10.4870352021 
1519.0	1.45165578487e+50	10.412165275 
1520.0	1.45822865602e+50	10.4512751052 
1521.0	1.45007991454e+50	10.4192822955 
1522.0	1.44539233475e+50	10.4087081468 
1523.0	1.44876145527e+50	10.4314520201 
1524.0	1.4510474919e+50	10.4337256945 
1525.0	1.44551679823e+50	10.4323431728 
1526.0	1.43958770266e+50	10.420118177 
1527.0	1.43138155907e+50	10.4001913913 
1528.0	1.4257394557e+50	10.39103491 
1529.0	1.4207055175e+50	10.3662026427 
1530.0	1.41098740068e+50	10.3818798559 
1531.0	1.40836866345e+50	10.3420295478 
1532.0	1.4075745504e+50	10.3436369345 
1533.0	1.4069245205e+50	10.3668274731 
1534.0	1.40300285191e+50	10.3634892913 
1535.0	1.40195198005e+50	10.3705539337 
1536.0	1.39704698926e+50	10.3588764451 
1537.0	1.3963458775e+50	10.3455731689 
1538.0	1.3891842728e+50	10.3351335432 
1539.0	1.38180788236e+50	10.3112742698 
1540.0	1.38509262475e+50	10.3153640575 
1541.0	1.37878611808e+50	10.2945056391 
1542.0	1.37519763117e+50	10.29187949 
1543.0	1.38050226727e+50	10.2768758131 
1544.0	1.38360464836e+50	10.2968732075 
1545.0	1.38080389405e+50	10.3054314393 
1546.0	1.38560412155e+50	10.2790114636 
1547.0	1.37930318854e+50	10.2899753708 
1548.0	1.37368911172e+50	10.3019689322 
1549.0	1.37574863126e+50	10.2653089129 
1550.0	1.36762962535e+50	10.2520441211 
1551.0	1.36850170763e+50	10.2456737172 
1552.0	1.37259269523e+50	10.2565536854 
1553.0	1.36837604062e+50	10.2685716794 
1554.0	1.36662617004e+50	10.2663852797 
1555.0	1.3651710877e+50	10.2661571419 
1556.0	1.36464492849e+50	10.2417228366 
1557.0	1.35573906747e+50	10.2453546778 
1558.0	1.34582287102e+50	10.1883773942 
1559.0	1.34000143824e+50	10.1923151582 
1560.0	1.33951611999e+50	10.1861111596 
1561.0	1.33376461979e+50	10.1783187906 
1562.0	1.33225919883e+50	10.1755367037 
1563.0	1.33343521689e+50	10.1851346311 
1564.0	1.33523038039e+50	10.1896709046 
1565.0	1.33673677911e+50	10.1839460503 
1566.0	1.32894599804e+50	10.1869905194 
1567.0	1.3258038455e+50	10.2017689714 
1568.0	1.32659676287e+50	10.1770039724 
1569.0	1.31606545792e+50	10.1654986491 
1570.0	1.31004144073e+50	10.1401299742 
1571.0	1.30229331626e+50	10.1317583249 
1572.0	1.3028756097e+50	10.1707954627 
1573.0	1.30150612062e+50	10.1401962508 
1574.0	1.30092219685e+50	10.1405342848 
1575.0	1.30661001569e+50	10.1812376614 
1576.0	1.30441354282e+50	10.1961549206 
1577.0	1.30884562242e+50	10.1969248469 
1578.0	1.3056751326e+50	10.1650077664 
1579.0	1.29892699093e+50	10.183566844 
1580.0	1.29668676887e+50	10.1826392386 
1581.0	1.2964157818e+50	10.1995361463 
1582.0	1.28944254347e+50	10.1587753544 
1583.0	1.28951068091e+50	10.1444191404 
1584.0	1.28482443609e+50	10.1358361839 
1585.0	1.29329101017e+50	10.16630542 
1586.0	1.29428190751e+50	10.1925610429 
1587.0	1.29718297996e+50	10.2092373667 
1588.0	1.29462758406e+50	10.211531541 
1589.0	1.2927512868e+50	10.2116421031 
1590.0	1.28730085772e+50	10.2255290712 
1591.0	1.28510770374e+50	10.1970257595 
1592.0	1.28418739286e+50	10.2012081175 
1593.0	1.27959806254e+50	10.1746476855 
1594.0	1.27933795628e+50	10.1718802222 
1595.0	1.27793505605e+50	10.1794662673 
1596.0	1.28039404603e+50	10.2392800945 
1597.0	1.28154057655e+50	10.1990819282 
1598.0	1.27971229171e+50	10.2042560387 
1599.0	1.28141702119e+50	10.2077652519 
1600.0	1.28882089192e+50	10.2327581323 
1601.0	1.29015083765e+50	10.2303231087 
1602.0	1.291637289e+50	10.2383750544 
1603.0	1.28740715414e+50	10.2303840264 
1604.0	1.29043573432e+50	10.2500855498 
1605.0	1.29239079059e+50	10.2632400486 
1606.0	1.28249348723e+50	10.2592569942 
1607.0	1.28560855688e+50	10.2325046116 
1608.0	1.28033141333e+50	10.2259178173 
1609.0	1.28425626494e+50	10.2418255017 
1610.0	1.28697393423e+50	10.2879812666 
1611.0	1.28701778279e+50	10.2418124338 
1612.0	1.28897365559e+50	10.254670259 
1613.0	1.28555130873e+50	10.2541049669 
1614.0	1.28979248705e+50	10.2580022832 
1615.0	1.27343914505e+50	10.2213508792 
1616.0	1.27111631793e+50	10.2128437336 
1617.0	1.27565533653e+50	10.2309014781 
1618.0	1.27418530999e+50	10.2193947477 
1619.0	1.27202886921e+50	10.2650280141 
1620.0	1.27699254513e+50	10.2114131801 
1621.0	1.28740332652e+50	10.2834041365 
1622.0	1.27808643961e+50	10.2500268768 
1623.0	1.27713089446e+50	10.2875253931 
1624.0	1.27633067404e+50	10.2323536392 
1625.0	1.27759660079e+50	10.2220319369 
1626.0	1.27716110356e+50	10.2174024901 
1627.0	1.27479764474e+50	10.210478614 
1628.0	1.26152263093e+50	10.1820904134 
1629.0	1.26613483684e+50	10.1922483003 
1630.0	1.26531781301e+50	10.183507041 
1631.0	1.25385972974e+50	10.1441489421 
1632.0	1.24337995532e+50	10.1246804126 
1633.0	1.25258215217e+50	10.1161002279 
1634.0	1.25902007349e+50	10.1864770663 
1635.0	1.25491155572e+50	10.1810595295 
1636.0	1.24602018998e+50	10.1318927292 
1637.0	1.2535846433e+50	10.1733102791 
1638.0	1.24998756433e+50	10.1610175369 
1639.0	1.24867493609e+50	10.1171154541 
1640.0	1.24737739847e+50	10.1092151181 
1641.0	1.24986934607e+50	10.1252816928 
1642.0	1.24655672906e+50	10.1126601198 
1643.0	1.22783410475e+50	10.096495549 
1644.0	1.23641678835e+50	10.0951370265 
1645.0	1.23934492138e+50	10.0814667354 
1646.0	1.23763898769e+50	10.0782170082 
1647.0	1.23931662623e+50	10.0779271145 
1648.0	1.23978426983e+50	10.0731254039 
1649.0	1.24542311797e+50	10.0653605701 
1650.0	1.25115915524e+50	10.1192484939 
1651.0	1.24415470842e+50	10.0706887419 
1652.0	1.24344609086e+50	10.0675368952 
1653.0	1.2469008663e+50	10.0810353646 
1654.0	1.24328251334e+50	10.0668069703 
1655.0	1.24107015404e+50	10.0652870185 
1656.0	1.24287700548e+50	10.04439976 
1657.0	1.23782405662e+50	10.0277795405 
1658.0	1.23307454359e+50	10.0211030808 
1659.0	1.22928740019e+50	10.0134509067 
1660.0	1.22913708239e+50	9.99616227164 
1661.0	1.2227880915e+50	9.97832465068 
1662.0	1.22237593027e+50	9.9778599327 
1663.0	1.22508342845e+50	9.96993285385 
1664.0	1.21903341519e+50	9.96020874907 
1665.0	1.21870280257e+50	9.96001935226 
1666.0	1.2212697718e+50	9.95175404098 
1667.0	1.21618497933e+50	9.93419046162 
1668.0	1.21529709244e+50	9.93265565548 
1669.0	1.21658141872e+50	9.93114304296 
1670.0	1.21326036464e+50	9.91725063026 
1671.0	1.21149095305e+50	9.90746321138 
1672.0	1.20692216869e+50	9.88979438834 
1673.0	1.20258327e+50	9.86485092794 
1674.0	1.19879114628e+50	9.86754763347 
1675.0	1.19874396099e+50	9.85349772593 
1676.0	1.19247904978e+50	9.83053407065 
1677.0	1.19499713769e+50	9.83706428155 
1678.0	1.18194106421e+50	9.82246389962 
1679.0	1.18568154796e+50	9.81236544207 
1680.0	1.17778508546e+50	9.7997169551 
1681.0	1.18357784151e+50	9.79877890572 
1682.0	1.19032724577e+50	9.80981857552 
1683.0	1.18975763332e+50	9.80847028303 
1684.0	1.19785429117e+50	9.81670613839 
1685.0	1.19114875834e+50	9.81878914106 
1686.0	1.19064541544e+50	9.79822300623 
1687.0	1.18582281312e+50	9.80059740277 
1688.0	1.18058880877e+50	9.79354784357 
1689.0	1.17071495008e+50	9.77776622719 
1690.0	1.1666697714e+50	9.76369608694 
1691.0	1.16613369225e+50	9.74646600332 
1692.0	1.17218401799e+50	9.75570475109 
1693.0	1.17597855915e+50	9.75950673332 
1694.0	1.17363434105e+50	9.76019867165 
1695.0	1.18075051744e+50	9.76189519549 
1696.0	1.17972746841e+50	9.74125643927 
1697.0	1.17514883665e+50	9.75542052126 
1698.0	1.17468942544e+50	9.73927434567 
1699.0	1.1647576472e+50	9.71057136192 
1700.0	1.16343747744e+50	9.69569807342 
1701.0	1.16078866572e+50	9.69585457854 
1702.0	1.15504178312e+50	9.68370649968 
1703.0	1.15282785631e+50	9.66507937817 
